20
9
6
5
4
25
5
2
15
18
20
19
6
21
19
9
22
3
3
3
3
24
14
20
3
24
6
18
13
20
18
18
12
14
6
16
16
7
8
21
10
11
4
6
6
17
17
20
23
16
11
15
23
17
19
12
15
19
4
3
19
22
15
14
14
7
21
20
12
15
19
18
19
15
13
6
6
16
12
20
3
10
10
17
21
9
5
19
8
3
21
8
16
4
15
21
21
12
4
5
15
6
3
9
6
20
15
5
18
22
16
4
6
18
7
19
20
13
17
9
20
2
19
17
16
5
1
8
21
18
5
18
7
15
5
14
15
18
6
18
2
22
4
14
4
15
6
14
16
24
17
14
22
18
20
17
19
18
18
6
22
14
23
12
17
7
5
4
22
9
18
4
6
19
21
23
13
7
6
22
9
4
6
17
15
21
18
22
6
14
23
21
8
2
24
10
17
15
20
11
5
3
16
25
25
20
8
19
7
5
17
20
3
22
25
6
16
19
4
15
10
23
22
19
20
6
25
17
19
9
3
6
19
9
24
4
4
10
7
3
2
12
4
14
13
17
12
2
17
7
15
19
4
20
3
23
19
6
20
10
10
6
5
20
10
22
3
11
17
3
10
9
2
13
18
6
14
22
14
5
18
23
7
23
5
18
7
8
10
2
11
2
18
5
11
14
17
15
23
5
19
22
23
20
14
8
6
11
19
17
4
4
7
3
14
5
20
5
21
21
22
3
19
7
14
6
25
17
3
6
13
16
19
21
21
9
2
24
23
19
20
4
23
21
21
17
9
4
1
5
1
20
22
4
19
17
19
23
3
22
21
15
18
23
6
2
16
21
12
7
22
1
19
15
23
1
23
3
11
5
6
21
22
22
16
16
20
14
14
20
19
19
1
23
5
8
4
19
18
14
7
21
13
21
5
4
15
17
7
14
4
9
4
20
7
16
15
7
9
20
11
20
19
18
19
2
2
10
1
21
21
2
7
5
8
23
14
4
18
24
16
9
23
2
16
16
25
7
8
9
13
11
2
4
10
8
13
21
20
10
11
23
18
8
17
15
21
3
21
7
6
11
14
10
12
19
23
19
2
8
13
20
16
19
16
18
3
8
15
14
13
20
17
3
10
12
3
23
5
15
