14
12
27
14
20
15
6
9
7
25
14
23
15
11
23
12
10
30
3
4
11
8
29
36
11
21
14
3
15
1
14
14
14
25
2
3
15
6
30
17
29
9
11
19
6
9
18
22
1
5
12
36
17
55
19
26
5
12
21
22
5
18
4
9
21
17
16
6
11
6
27
6
3
31
7
7
20
12
2
8
11
5
25
20
8
5
23
12
15
17
15
31
10
18
15
18
3
23
12
14
16
13
21
6
1
14
10
34
16
10
6
24
6
17
1
8
21
4
14
12
16
20
20
22
17
23
5
33
16
7
15
5
5
7
22
17
5
5
8
6
26
11
40
21
17
14
10
11
31
13
26
22
3
7
10
5
10
28
17
19
16
2
7
12
7
17
7
13
3
32
2
46
7
15
15
32
12
20
19
9
5
10
9
1
11
10
5
5
16
33
3
24
13
26
14
6
7
4
15
20
8
25
30
22
41
25
25
19
9
14
33
15
17
26
15
18
22
3
3
7
19
14
4
19
27
22
5
20
18
14
10
7
5
17
23
24
25
22
7
4
22
18
13
13
18
8
15
31
4
16
10
19
2
30
19
17
19
1
11
13
9
6
13
11
18
9
14
26
2
18
17
8
21
16
31
23
20
3
25
20
4
10
17
8
7
28
8
2
8
2
16
26
14
29
10
13
6
32
11
2
6
8
9
16
16
19
11
15
22
5
12
11
8
7
21
16
10
5
4
5
21
24
28
8
18
12
6
13
22
8
20
41
5
11
25
6
7
29
10
31
18
13
1
22
16
14
10
8
27
23
4
10
10
1
1
17
6
5
10
33
10
19
15
15
9
18
6
10
17
9
18
10
29
30
34
41
4
7
24
16
33
4
26
6
34
13
11
8
10
11
22
7
5
17
28
9
22
14
15
19
24
2
22
3
11
10
11
8
16
17
4
21
7
3
23
6
23
22
12
17
9
23
12
12
11
6
18
11
8
23
17
14
13
17
13
20
19
18
5
22
23
16
10
6
29
16
16
30
6
4
14
15
15
10
6
30
15
10
9
53
18
21
15
11
9
20
11
17
13
18
16
6
13
8
18
18
9
25
4
18
2
18
13
2
3
4
15
9
20
1
9
3
7
25
10
13
21
9
26
3
