0 1 9 12 16 20 26 35 64 65 67 73 74 75 81 82 83 90 138 145 146 152 153 155 204 209 210 345
1 0 10 11 18 20 35 64 65 74 75 80 81 83 84 88 91 93 99 106 128 129 138 139 144 146 147 153 163 193 194 204 210 211 212 217 275
2 8 11 12 66 68 72 73 75 83 137 138 139 204 210
3 5 6 12 14 19 20 27 28 67 75 76 77 78 84 85 86 87 90 94 132 133 134 138 139 140 149 155 167 196 202 203 206 213 221 228 268 277 287
4 11 12 13 19 22 67 68 69 70 75 76 77 85 86 196
5 3 6 13 14 22 69 70 77 78 84 86 87 95 142 149 156 165 167 196 206 207 213 230
6 3 5 7 14 69 71 77 85 86 87 133 134 158 159 166 167 287
7 6 14 15 21 71 134
8 2 9 10 17 24 25 64 72 74 81 98 130 137 145 152 210
9 0 8 10 16 17 18 65 73 74 75 98 99 129 137 138 145 146 147 163 209
10 83 1 8 9 11 12 17 20 25 35 66 67 73 82 93 98 137 138 145 147 155 163
11 1 2 4 10 12 19 20 21 27 28 35 74 76 81 82 85 87 91 92 93 100 108 132 133 138 146 155 158 163 164 237 276
12 0 2 3 4 10 11 14 19 20 21 22 29 67 69 93 131 132 155 164
13 4 5 14 20 71 77 78 84 85 86 87 92 94 95 103 156 158 166 167 287
14 87 3 5 6 7 12 13 15 20 21 22 29 69 70 78 85 93 94 133 134 167 207 287
15 7 14 71 87 133
16 0 9 17 25 72 81 96 98 99 104 137 152 208
17 8 9 10 16 24 25 64 74 81 98 137
18 1 9 19 20 25 26 27 28 29 33 34 35 65 73 75 90 91 93 96 98 99 100 106 107 108 117 146 147 154 156 163 164 170 181 210 276 285 301 347
19 3 4 11 12 18 20 21 26 27 46 77 82 84 88 91 93 100 108 117 146 147 155 156 158 159 162 163 164 165 167 203 220 230 237
20 0 1 3 10 11 12 13 14 18 19 21 27 28 29 35 69 75 76 82 86 87 91 92 93 99 100 133 149 155 156 158 164 237
21 7 11 12 14 19 20 22 28 29 45 69 75 77 84 86 87 93 99 147 158 165 166 167
22 4 5 12 14 21 69 70 75 78 86 93 133
23 30 47 79 94 103 151 159 223
24 8 17 25 73 81 96 98
25 8 10 16 17 18 24 27 35 51 72 73 96 98 99 163
26 0 18 19 27 28 35 44 52 73 80 88 89 90 91 92 93 96 97 99 107 109 117 138 144 146 147 156 163 164 165 170 178
27 3 11 18 19 20 25 26 28 35 65 82 88 91 92 93 100 106 107 115 155 158 163 164 166 167 301
28 3 11 18 20 21 26 27 42 76 77 82 83 91 93 99 100 108 109 139 149 154 155 156 158 163 164 165 167 230 237
29 12 14 18 20 21 44 46 52 78 85 91 92 93 94 95 99 100 117 155 156 167 181 220 239
30 23 31 37 38 39 101 103 175 183 190 214 231 238 255 295 303 319
31 30 38 39 157 174 183 231 311
32 33 34 41 43 49 50 57 58 88 97 99 105 106 107 108 113 114 115 121 160 161 162 170 178 181 189 232 233 234 240 241 243
33 18 32 34 40 41 42 43 45 49 58 59 80 88 89 91 97 100 104 105 107 108 113 114 115 121 123 155 161 162 165 170 176 178 181 186 188 233 234 241 245 301 307
34 18 32 33 35 36 42 43 44 50 52 58 89 91 97 99 100 108 113 114 115 116 122 161 162 164 171 173 181 188 226 227 234 241 301
35 0 1 10 11 18 20 25 26 27 34 50 51 52 82 84 89 91 97 99 107 108 117 154 155 156 164 165 181 237
36 34 37 46 53 54 92 94 101 103 111 116 117 126 165 171 172 173 175 180 221 239 244 245 246 253 254 255 317
37 30 36 45 46 54 84 100 101 103 110 111 119 157 159 166 171 172 174 181 182 190 222 238 244 255 310
38 111 30 31 54 79 110 118 172 173 175 238 239 246 255 319
39 30 31 55 111 175 191 311
40 33 41 42 50 56 58 60 89 96 97 99 104 105 106 114 162 169 170 178 184 232
41 32 33 40 42 43 44 49 50 57 58 59 60 89 97 99 106 107 108 109 112 113 115 116 121 123 124 162 164 169 170 176 177 178 184 186 187 188 189 234 241 245 299
42 28 33 34 40 41 43 44 52 57 58 60 61 90 97 99 104 107 112 114 115 155 163 170 233 245
43 189 32 33 34 41 42 44 45 60 92 108 109 110 114 116 117 123 124 161 171 173 181 188 227 310
44 26 29 34 41 42 43 45 46 52 53 59 60 97 100 105 108 109 114 115 116 117 124 125 167 181 188 189 237
45 21 33 37 43 44 46 52 53 61 85 92 93 100 110 117 119 124 126 166 181 188 237
46 19 29 36 37 44 45 53 61 93 111 119 126 158 173
47 23 53 54 103 110 111 167 173 182 231 238 246 254 319
48 51 97 104 107 184 232 240
49 32 33 41 50 52 56 61 112 113 114 115 120 122 123 169 170 178 179 186 188 243
50 32 34 35 40 41 49 52 58 59 60 97 106 107 113 115 122 178 186 188 189 233
51 25 35 48 104 106
52 26 29 34 35 42 44 45 49 50 61 92 100 106 107 108 109 115 117 119 123 124 171 181 188 189 237
53 36 44 45 46 47 54 59 60 61 94 100 116 117 118 119 125 126 181 190 245 254
54 36 37 38 47 53 55 62 63 94 101 103 109 110 111 117 118 119 125 126 181 182 238 253 254 255
55 39 54 63 111 118 127 175 183 190 254 255
56 40 49 57 104 176
57 32 41 42 56 58 59 112 113 115 120 121 122 186 241
58 32 33 34 40 41 42 50 57 60 97 106 112 114 116 117 181 186 189
59 33 41 44 50 53 57 112 113 116 121 122 123 124 126 186 188
60 40 41 42 43 44 50 53 58 61 105 115 116 117 122 124 188
61 42 45 46 49 52 53 60 100 109 115 117 119 122 255
62 54 63 124 126 174 175 190 254
63 54 55 62 111 118 191
64 0 1 8 17 72 73 74 81 128 136 138 145 147 152 193 208 259 265
65 0 1 9 18 27 74 80 82 83 128 129 138 146 152 153 163 193 194 200 203 204 208 209 210 217 260 273 276 347 410
66 2 10 68 72 73 81 130 137 145 192 259
67 0 3 4 10 12 69 73 74 75 76 77 129 133 138 164 204 211 276
68 2 4 66 74 75 133 204
69 4 5 6 12 14 20 21 22 67 70 75 77 87 131 132 196 206 269 270
70 4 5 14 22 69 71 76 86 133 134 142 158 207 269 287
71 6 7 13 15 70 77 78 132 134 207 287
72 2 8 16 25 64 66 145 208 210
73 0 2 9 10 18 24 25 26 64 66 67 74 75 82 83 90 128 136 137 138 145 146 147 155 163 193 208 209 211 259 275 282
74 0 1 8 9 11 17 64 65 67 68 73 75 83 90 91 98 128 129 137 146 155 193 204 209 210 211
75 0 1 2 3 4 9 18 20 21 22 67 68 69 73 74 76 77 82 83 85 90 91 93 132 133 136 138 139 145 147 158 204 211 212 217 220 237 275
76 3 4 11 20 28 67 70 75 77 84 85 90 91 93 132 138 147 149 156 158 195 203 206 212 220 230 237 275 287
77 3 4 5 6 13 19 21 28 67 69 71 75 76 78 84 86 91 92 93 94 95 139 147 150 155 158 159 167 197 212 220 230 285
78 3 5 13 14 22 29 71 77 86 95 132 134 141 159 166 196 199 207 222 230 239 270
79 23 38 94 103 135 150 159 222 223 231 271 279 343
80 1 26 33 65 82 88 97 100 104 136 144 145 153 154 155 160 161 164 209 210 216 228 233 234 273 275 280 281 282 283 289 299 337 345 347 410
81 0 1 8 11 16 17 24 64 66 83 99 129 136 137 144 152 163 193 208 209 210
82 155 0 10 11 19 20 27 28 35 65 73 75 80 89 91 92 93 99 106 132 144 146 147 152 153 154 160 162 163 164 209 211 213 217 220 230 282 283 299 301
83 10 0 1 2 28 65 73 74 75 81 91 130 138 164
84 1 3 5 13 19 21 35 37 76 77 85 92 94 100 109 131 132 133 139 140 142 149 150 156 158 159 163 164 166 173 206 212 213 220 221 222 230 245 269 270 276 277 283 285 287
85 3 4 6 11 13 14 29 45 75 76 84 86 93 95 99 100 109 117 141 142 147 148 149 156 158 159 164 165 166 167 206 207 213 220 221 222 228 230 270 287
86 3 4 5 6 13 20 21 22 70 77 78 85 100 133 134 140 149 155 158 159 164 166 167 197 206 230 287
87 14 3 5 6 11 13 15 20 21 69 158 159 167 206
88 1 19 26 27 32 33 80 89 97 99 106 108 113 144 146 153 160 161 163 170 209 217 218 224 226 228 233 234 237 240 241 275 282 296 307
89 26 33 34 35 40 41 82 88 90 97 99 108 113 136 144 152 161 164 165 169 170 178 218 226 228 232 234 237 243 273 281 306 307 371
90 163 0 3 18 26 42 73 74 75 76 89 97 99 106 108 115 117 136 144 146 147 152 155 156 164 165 211 217 218 234
91 164 1 11 18 19 20 26 27 28 29 33 34 35 74 75 76 77 82 83 99 100 107 108 136 153 154 155 156 162 163 165 170 178 181 221 230 234 237
92 11 13 20 26 27 29 36 43 45 52 77 82 84 93 100 101 119 148 149 150 154 156 159 161 164 165 166 171 172 173 211 213 219 220 221 222 227 230 245 293 301
93 1 10 11 12 14 18 19 20 21 22 26 27 28 29 45 46 75 76 77 82 85 92 100 108 132 141 146 155 158 163 164 165 211 222 276 287
94 3 13 14 23 29 36 53 54 77 79 84 95 100 103 109 110 119 140 148 159 166 182 215 221 222 223 230 238 246
95 5 13 29 77 78 85 94 101 103 111 156 157 165 167 207 223 230
96 16 18 24 25 26 40 104 106 145 152 168 176 208 209 216 217 224 234 240
97 26 32 33 34 35 40 41 42 44 48 50 58 80 88 89 90 105 106 147 154 155 170 217 225 227 233 234 245 282 289 296
98 8 9 10 16 17 18 24 25 74 99 106 107 145
99 1 9 16 18 20 21 25 26 28 29 32 34 35 40 41 42 81 82 85 88 89 90 91 98 100 106 107 108 152 155 164 178 218 237
100 11 18 19 20 27 28 29 33 34 37 44 45 52 53 61 80 84 85 86 91 92 93 94 99 105 108 109 110 115 117 147 154 155 161 163 164 165 166 170 181 188 211 222 228 230 237 285 293
101 30 36 37 54 92 95 103 119 126 148 149 157 164 165 173 174 182 190 214 230 238 245 254 255 310 317
102 183 247
103 13 23 30 36 37 47 54 79 94 95 101 110 111 119 151 157 166 167 175 239
104 16 33 40 42 48 51 56 80 96 106 152 153 160 162 176 232 241
105 32 33 40 44 60 97 100 106 112 113 114 116 121 122 123 153 161 162 169 170 172 176 178 181 188 189 232 233 241 243 362 379
106 1 18 27 32 40 41 50 51 52 58 82 88 90 96 97 98 99 104 105 108 115 147 162 170 176 178 218 233
107 18 26 27 32 33 35 41 42 48 50 52 91 98 99 108 115 163 170 234 237
108 11 18 19 28 32 33 34 35 41 43 44 52 88 89 90 91 93 99 100 106 107 109 115 116 147 156 166 170 178 181 237 301
109 26 28 41 43 44 52 54 61 84 85 94 100 108 114 116 117 119 123 124 166 167 173 181 189 228 237 239 245 246 293
110 37 38 43 45 47 54 94 100 103 111 126 148 173 175 179 182 183 189 229 231 244 245 246 253 255 310
111 38 36 37 39 46 47 54 55 63 95 103 110 159 223 303
112 41 42 49 57 58 59 105 113 115 120 121 122 160 169 176 177 184 186 233 306 307 313
113 32 33 34 41 49 50 57 59 88 89 105 112 114 115 120 121 122 123 161 176 178 184 185 186 233 314 377
114 32 33 34 40 42 43 44 49 58 105 109 113 115 116 121 122 154 169 170 172 177 179 181 232 243 245
115 27 32 33 34 41 42 44 49 50 52 57 60 61 90 100 106 107 108 112 113 114 121 122 124 165 169 170 172 178 186 188 237 243
116 34 36 41 43 44 53 58 59 60 105 108 109 114 117 118 121 122 123 124 126 170 171 172 180 181 182 186 188 189 238 239 245 246 251 253 319
117 18 19 26 29 35 36 43 44 45 52 53 54 58 60 61 85 90 100 109 116 123 124 156 166 170 173 181
118 38 53 54 55 63 116 125 126 172 180 182 190 254 255 309
119 37 45 46 52 53 54 61 92 94 101 103 109 124 126 165 166 230 239
120 49 57 112 113 123 179 184 186 187 241 248 304 307
121 32 33 41 57 59 105 112 113 114 115 116 122 170 177 184 248 253 314
122 34 49 50 57 59 60 61 105 112 113 114 115 116 121 123 124 169 184 185 187 188 189 243 251 307
123 33 41 43 49 52 59 105 109 113 116 117 120 122 124 125 172 182 186 188 244 246 308 317
124 41 43 44 45 52 59 60 62 109 115 116 117 119 122 123 126 171 172 179 181 182 188 189 243 253
125 44 53 54 118 123 126 180 188 189 190 244 253 254
126 36 45 46 53 54 59 62 101 110 116 118 119 124 125 180 188 189 238 246 253 255 310 319
127 55 174 183 191
128 1 64 65 73 74 129 145 192 193 194 200 204 209 210 265 273 280 330 345
129 1 9 65 67 74 81 128 130 137 138 145 192 194 208 273
130 8 66 83 129 259
131 12 69 84 132 133 138 139 146 147 156 195 196 203 204 206 211 212 237 257 260 269 270 275 276 277 332 335 341 403
132 3 11 12 69 71 75 76 78 82 84 93 131 133 140 141 142 147 155 158 194 196 197 203 206 207 211 275 276 341
133 206 3 6 11 14 15 20 22 67 68 70 75 84 86 131 132 134 138 140 149 196 197 199 203 207 213 260 269
134 3 6 7 14 70 71 78 86 133 139 140 142 143 159 167 199 205 268 270 287 335
135 79 141 143 150 151 198 199 205 207 214 279 335
136 64 73 75 80 81 89 90 91 144 153 155 200 210 211 216 217 218 237 257 265 272 273 280 282 289 299 321 329 337 344 345 347
137 2 8 9 10 16 17 66 73 74 81 129 145 192
138 0 1 2 3 9 10 11 26 64 65 67 73 75 76 83 129 131 133 147 155 193 194 196 203 204 259 273 275 276 330 347
139 1 2 3 28 75 77 84 131 134 146 147 149 153 167 194 195 196 197 201 203 220 221 230 237 257 260 266 276 277 285 299 331 332
140 213 3 84 86 94 132 133 134 141 148 149 164 165 167 195 196 197 198 203 205 212 214 219 220 221 222 228 262 266 267 269 270 276 277 283 285 287 301 342 348 357 366 439
141 287 78 85 93 132 135 140 142 143 148 149 150 151 156 158 159 166 167 196 197 199 203 206 212 213 214 215 220 221 222 230 268 269 277 301 325 326 333 341 357 367
142 5 70 84 85 132 134 141 143 148 149 151 158 159 166 198 199 205 213 214 222 230 231 239 263 269 271 279 285 287 303 326
143 134 135 141 142 150 159 167 198 199 215 270 271 277 279 335
144 217 1 26 80 81 82 88 89 90 136 146 147 152 153 155 160 209 211 216 218 224 241 272 273 280 288 299 353
145 0 8 9 10 64 66 72 73 75 80 96 98 128 129 137 146 152 162 193 200 209 210 217 256 265 273 280
146 0 1 9 11 18 19 26 65 73 74 82 88 90 93 131 139 144 145 147 154 155 158 162 164 194 200 201 204 209 211 220 234 237 273 281 282 289 299 330 347
147 1 9 10 18 19 21 26 64 73 75 76 77 82 85 90 97 100 106 108 131 132 138 139 144 146 154 155 158 163 164 202 212 213 226 273 275 276 285 299 331
148 85 92 94 101 110 140 141 142 149 150 156 157 166 172 182 207 213 215 219 221 227 228 230 231 238 244 246 266 284 286 293 301 303 333 341 342 349 355 357 366
149 3 5 20 28 76 84 85 86 92 101 133 139 140 141 142 148 151 158 163 165 196 197 198 202 207 212 213 214 220 221 222 230 270 276 277 287 294 366
150 77 79 84 92 135 141 143 148 151 157 166 214 215 222 238 239 271 277 279 287 293 294 303 319 343 349 367
151 23 103 135 141 142 149 150 175 214 215 222 223 271 279 286 287 295 343
152 0 8 16 64 65 81 82 89 90 96 99 104 144 145 153 160 162 200 208 210 216 217 224 233 280 281 288
153 0 1 65 80 82 88 91 104 105 136 139 144 152 154 155 160 162 163 200 201 203 216 217 218 220 224 225 232 240 241 265 273 281 282 283 288 296 299 301 347 352 362 371 426
154 18 28 35 80 82 91 92 97 100 114 146 147 153 155 160 161 162 165 166 170 171 203 211 217 218 226 227 228 234 241 243 245 268 276 282 289 299 301 307 355 362 363 366 426 436 444
155 82 0 3 10 11 12 19 20 27 28 29 33 35 42 73 74 77 80 86 90 91 93 97 99 100 132 136 138 144 146 147 153 154 156 158 162 164 165 211 217 220 276 282 283 301 341
156 5 13 18 19 20 26 28 29 35 76 84 85 90 91 92 95 108 117 131 141 148 155 159 161 162 165 166 167 170 171 203 211 212 220 221 222 227 228 230 238 276 283 287 293 301 341 357
157 303 31 37 95 101 103 148 150 173 174 175 180 182 222 223 227 229 238 292 294 295 310 317 319 348 359 366 367 373 422 439
158 6 11 13 19 20 21 27 28 46 70 75 76 77 84 85 86 87 93 132 141 142 146 147 149 155 159 164 165 167 212 222 228 230 277 287 301
159 6 19 23 37 77 78 79 84 85 86 87 92 94 111 134 141 142 143 156 158 165 205 213 222 230 231 287 293
160 32 80 82 88 104 112 144 152 153 154 161 162 178 216 224 232 233 234 240 241 280 281 288 289
161 32 33 34 43 80 88 89 92 100 105 113 154 156 160 163 169 170 171 176 177 188 217 225 226 227 234 243 244 288 289 299 308 352 419 436 444
162 19 32 33 34 40 41 82 91 104 105 106 145 146 152 153 154 155 156 160 163 164 169 170 178 200 201 217 218 228 232 233 234 245 281 299 301
163 90 1 9 10 11 18 19 25 26 27 28 42 65 73 81 82 84 88 91 93 100 107 147 149 153 161 162 164 165 169 170 217 237 282 299
164 91 11 12 18 19 20 26 27 28 34 35 41 67 80 82 83 84 85 86 89 90 92 93 99 100 101 140 146 147 155 158 162 163 165 166 167 170 211 213 218 228 237
165 5 19 21 26 28 33 35 36 85 89 90 91 92 93 95 100 101 115 119 140 149 154 155 156 158 159 163 164 167 171 212 220 222 228 230 237 245 284 301
166 6 13 21 27 37 45 78 84 85 86 92 94 100 103 108 109 117 119 141 142 148 150 154 156 164 172 181 189 221 230 231 237 239 277 301
167 3 5 6 13 14 19 21 27 28 29 44 47 77 85 86 87 95 103 109 134 139 140 141 143 156 158 164 165 237 239 287
168 96 216
169 40 41 49 89 105 112 114 115 122 161 162 163 170 171 177 181 227 233 241 243 245 291 297 304 307 314 362 363 377 379 444
170 18 26 32 33 40 41 42 49 88 89 91 97 100 105 106 107 108 114 115 116 117 121 154 156 161 162 163 164 169 176 178 181 188 217 227 228 232 233 234 245 301 306 307 371 436
171 34 36 37 43 52 92 116 124 154 156 161 165 169 172 173 179 187 189 221 225 226 227 238 244 245 246 284 290 293 300 306 308 309 314 316 364 366 371 436
172 36 37 38 92 105 114 115 116 118 123 124 148 166 171 173 179 182 186 187 188 220 228 236 238 239 244 245 253 284 285 291 294 301 303 317 319 366 372 437 438
173 34 36 38 43 46 47 84 92 101 109 110 117 157 171 172 181 183 188 189 219 222 227 231 237 238 245 246 253 254 255 291 293 294 299 300 301 309 317 319
174 31 37 62 101 127 157 175 183 190 229 231 236 247 254 255 286 303 311 319 359 373
175 30 36 38 39 55 62 103 110 151 157 174 182 183 191 223 229 247 302 309 311 367
176 33 41 56 96 104 105 106 112 113 161 170 178 232 240 241 296 368
177 41 112 114 121 161 169 184 185 186 188 242 243 244 250 252 297 299 306 316 317 376 506
178 26 32 33 40 41 49 50 89 91 99 105 106 108 113 115 160 162 170 176 217 232 237 241 296
179 49 110 114 120 124 171 172 182 186 187 189 219 242 243 244 245 251 252 253 254 300 306 309 315 319 373
180 36 116 118 125 126 157 182 183 187 190 235 236 244 246 251 254 300 303 308 311 316 319 373 374
181 18 29 32 33 34 35 37 43 44 45 52 53 54 58 91 100 105 108 109 114 116 117 124 166 169 170 173 189 220 228 243 293 299
182 37 47 54 94 101 110 116 118 123 124 148 157 172 175 179 180 188 189 190 223 227 229 230 231 246 253 254 255 303 309 310 317 319 439
183 30 31 55 102 110 127 173 174 175 180 190 191 229 246 253 254 302 311 319 382
184 40 41 48 112 113 120 121 122 177 185 186 241 248 368 376
185 113 122 177 184 225 242 244 250 251 297 305 306 312 378 379 443
186 33 41 49 50 57 58 59 112 113 115 116 120 123 172 177 179 184 187 189 242 243 245 248 250 251 253 307 308 314 317 371 379 444
187 41 120 122 171 172 179 180 186 245 249 251 254 305 307 308 309 319 379
188 33 34 41 43 44 45 49 50 52 59 60 100 105 115 116 122 123 124 125 126 161 170 172 173 177 182 189 227 243 245
189 43 32 41 44 50 52 58 105 109 110 116 122 124 125 126 166 171 173 179 181 182 186 188 246 254 301
190 30 37 53 55 62 101 118 125 174 180 182 183 253 254 255 309 316 319
191 39 63 127 175 183 375
192 66 128 129 137 193 200 208 209 216 259 265 272 273 392
193 1 64 65 73 74 81 128 138 145 192 194 200 208 259 265 321
194 1 65 128 129 132 138 139 146 193 196 210 264 265 268 275 276 322 330 341 345
195 268 76 131 139 140 197 201 202 203 205 206 207 211 212 213 221 222 228 257 258 260 262 266 269 270 277 282 283 284 285 324 332 333 341 387 388 389 398 403 411 469
196 3 4 5 69 78 131 132 133 138 139 140 141 149 194 197 203 220 230 268 269 277 287 324 333 335 341 388 406
197 77 86 132 133 139 140 141 149 195 196 198 199 212 213 222 262 268 269 270 276 277 287 324 332 335 341 406
198 135 140 142 143 149 197 199 207 213 222 261 262 263 270 271 278 287 294 325 342 390 399
199 78 133 134 135 141 142 143 197 198 207 214 262 263 278 287 335
200 65 128 136 145 146 152 153 162 192 193 210 211 217 256 264 265 266 272 273 275 281 282 288 289 320 328 329 330 336 337 345 347 400 403 410 411 426 465
201 139 146 153 162 195 202 211 219 220 225 228 257 258 264 266 273 275 276 277 280 281 282 283 284 285 289 329 332 333 337 345 347 357 386 394 409 410 417 459 469
202 3 147 149 195 201 211 212 218 219 220 221 225 226 228 237 266 277 281 283 284 285 330 332 339 357 364 396 403 410 411 419
203 3 19 65 76 131 132 133 138 139 140 141 153 154 156 195 196 213 218 220 221 222 230 257 258 266 275 276 277 282 287 321 322 329 331 332 341 347
204 0 1 2 65 67 68 74 75 128 131 138 146 209 211 260 275 324 331
205 134 135 140 142 159 195 212 213 215 222 223 231 261 263 269 270 271 277 278 279 285 327 335 341 342 357 391 398 405 406 469 478 495
206 133 3 5 69 76 84 85 86 87 131 132 141 195 207 213 341
207 5 14 70 71 78 85 95 132 133 135 148 149 195 198 199 206 213 214 222 230 262 268 269 271 285 287 325 327
208 16 64 65 72 73 81 96 129 152 192 193 209 210 216 265
209 0 9 65 73 74 80 81 82 88 96 128 144 145 146 192 204 208 210 218 224 257 280 282 288 296 330 337 347
210 0 1 2 8 18 65 72 74 80 81 128 136 145 152 194 200 208 209 216 224 275
211 1 67 73 74 75 82 90 92 93 100 131 132 136 144 146 154 155 156 164 195 200 201 202 204 218 226 228 237 268 273 275 276 277 283 301 324 330 337
212 285 1 75 76 77 84 131 140 141 147 149 156 158 165 195 197 202 205 213 214 219 221 222 226 230 266 268 269 270 277 283 294 326 332 339 341 349 357 403
213 140 3 5 82 84 85 92 133 141 142 147 148 149 159 164 195 197 198 203 205 206 207 212 221 222 262 277 284 285 293 332 333 335 406
214 30 101 135 140 141 142 149 150 151 199 207 212 220 221 222 223 230 231 239 270 277 279 303 366 367 406 422
215 94 141 143 148 150 151 205 223 239 271 278 279 293 294 295 303 327 357 407
216 80 96 136 144 152 153 160 168 192 208 210 217 224 232 240 273 281 282 337 410
217 144 1 65 75 82 88 90 96 97 136 145 152 153 154 155 161 162 163 170 178 200 216 220 233 234 264 272 273 275 276 280 283 289 299 337 345
218 88 89 90 99 106 136 144 153 154 162 164 202 203 209 211 226 228 234 241 276 281 282 283 284 285 291 292 299 357 362 366 410 411 419 426 436 444
219 92 140 148 173 179 201 202 212 221 227 228 238 244 266 274 283 284 291 292 299 300 301 306 307 308 310 316 338 346 348 349 355 357 366 406 419 444 484 494 502
220 19 29 75 76 77 82 84 85 92 139 140 141 146 149 153 155 156 165 172 181 196 201 202 203 214 217 221 222 228 230 239 245 258 270 275 276 277 282 285 293 301 332 341 347 355
221 3 36 84 85 91 92 94 139 140 141 148 149 156 166 171 195 202 203 212 213 214 219 220 222 230 237 268 269 277 292 293 301 310 332 333 357 364 367 422
222 37 78 79 84 85 92 93 94 100 140 141 142 149 150 151 156 157 158 159 165 173 195 197 198 203 205 207 212 213 214 220 221 227 230 237 239 268 278 279 284 285 287 292 301 341
223 23 79 94 95 111 151 157 175 182 205 214 215 229 231 239 278 287 295 303 343 350 359
224 88 96 144 152 153 160 209 210 216 240 241 288 296 344
225 371 444 97 153 161 171 185 201 202 226 242 243 244 248 253 284 289 291 292 304 306 313 314 338 355 361 363 366 368 376 377 379 380 419 426 432 433 436 443 497 506 508
226 34 88 89 147 154 161 171 202 211 212 218 225 227 228 234 243 281 289 291 299 301 307 314 346 352 360 362 363 366 379 420 426 436 444
227 34 43 92 97 148 154 156 157 161 169 170 171 173 182 188 219 222 226 228 238 244 253 282 283 284 285 292 300 301 306 307 308 355 362 363 364 366 371 419 420 436 437 439
228 3 80 85 88 89 100 109 140 148 154 156 158 162 164 165 170 172 181 195 201 202 211 218 219 220 226 227 245 246 275 283 285 291 293 300 301 307 308 346 355 357 371
229 110 157 174 175 182 183 223 236 238 253 255 284 286 290 292 293 294 295 309 310 311 319 350 356 374 380 429 430 439 495 502
230 5 19 28 76 77 78 82 84 85 86 91 92 94 95 100 101 119 139 141 142 148 149 156 158 159 165 166 182 196 203 207 212 214 220 221 222 237 239 246 277 283 284 285 293 300 301 303 310 357 366
231 30 31 47 79 110 142 148 159 166 173 174 182 205 214 223 236 238 239 254 294 302 303 309 319 343 350 366 367 422 495
232 32 40 48 89 104 105 114 153 160 162 170 176 178 216 234 241 280 289 296 304 362 376 426 436
233 32 33 42 50 80 88 97 105 106 112 113 152 160 162 169 170 217 234 240 241 281 289 296 360 371 377 426 436 444
234 32 33 34 41 80 88 89 90 91 96 97 107 146 154 160 161 162 170 217 218 226 232 233 241 280 299 307 368 371 444
235 180 236 242 243 244 252 290 308 309 311 315 316 317 319 361 364 373 374 375 380 381 382 429 437 438 439 443 446 494 500 502 510 511
236 172 174 180 229 231 235 238 242 251 252 300 302 308 309 311 316 317 350 356 365 366 372 373 374 380 381 382 428 430 437 438 446 495 502 508 509 510
237 11 19 20 28 35 44 45 52 75 76 88 89 91 99 100 107 108 109 115 131 136 139 146 163 164 165 166 167 173 178 202 211 221 222 230 245 276
238 30 37 38 47 54 94 101 116 126 148 150 156 157 171 172 173 219 227 229 231 236 244 245 246 292 293 294 295 300 301 310 316 319 430 439
239 29 36 38 78 103 109 116 119 142 150 166 167 172 214 215 220 222 223 230 231 246 253 287 293 301 303 357
240 32 48 88 96 153 160 176 216 224 233 241
241 32 33 34 41 57 88 104 105 120 144 153 154 160 169 176 178 184 218 224 232 233 234 240 248 288 307 312 314 362 371 377 436 444
242 177 179 185 186 225 235 236 249 250 251 253 290 291 297 308 314 315 316 369 370 372 373 379 382 434 435 444 507
243 32 49 89 105 114 115 122 124 154 161 169 177 179 181 186 188 225 226 235 244 246 250 251 283 299 300 301 307 308 310 355 363 371 379 443 444
244 36 37 110 123 125 148 161 171 172 177 179 180 185 219 225 227 235 238 243 246 250 251 252 253 254 255 297 305 307 308 309 311 314 316 317 355 367 372 379 439 443
245 33 36 41 42 53 84 92 97 101 109 110 114 116 154 162 165 169 170 171 172 173 179 186 187 188 220 228 237 238 254 301 307 308 310 436
246 36 38 47 94 109 110 116 123 126 148 171 173 180 182 183 189 228 230 238 239 243 244 253 255 291 293 300 303 308 310 316 317 319 439
247 102 174 175 302 311
248 120 121 184 186 225 241 250 304 306 307 312 313 369 371 377 378 440 505
249 187 242 250 305 306 313 314 315 316 317 372 376 378 380 443 506
250 177 185 186 242 243 244 248 249 251 252 304 308 309 314 315 371 372 376 379 443
251 116 122 179 180 185 186 187 236 242 243 244 250 290 297 298 305 306 307 308 313 316 317 369 370 378 380
252 177 179 235 236 244 250 253 254 290 308 309 316 372 374 378 382 438
253 36 54 110 116 121 124 125 126 172 173 179 182 183 186 190 225 227 229 239 242 244 246 252 254 292 293 300 303 308 309 310 316 317 319 373 438
254 36 47 53 54 55 62 101 118 125 173 174 179 180 182 183 187 189 190 231 244 245 252 253 255 293 308 309 311 317 366 374
255 30 36 37 38 54 55 61 101 110 118 126 173 174 182 190 229 244 246 254 301 309 319 367 439
256 145 200 257 260 265 272 280 320 321 322 330 347 385 393 394 410 458
257 330 131 136 139 195 201 203 209 256 264 265 266 268 275 276 281 282 321 322 329 331 332 333 337 345 384 385 386 387 393 400 401 402 410 419 458 464 465 474
258 195 201 203 220 261 266 277 282 283 284 322 325 330 331 333 338 341 346 385 386 388 389 396 397 398 403 406 411 450 459 476
259 64 66 73 130 138 192 193
260 65 131 133 139 195 204 256 266 268 269 270 277 324 326 330 394
261 198 205 258 262 263 267 270 271 278 294 325 334 335 343 349 389 391 397 398 405 406 414 453 462 468 470
262 140 195 197 198 199 207 213 261 263 268 271 325 326 333 334 335 342 390 391 396 399 405 406 407
263 142 198 199 205 261 262 270 278 325 327 333 334 335 390 391 398 399 462 487
264 337 194 200 201 217 257 272 273 282 320 328 329 330 336 344 347 352 353 384 386 387 393 394 401 409 411 464 474
265 64 128 136 145 153 192 193 194 200 208 256 257 273 276 280 321 322 330 410
266 139 140 148 195 200 201 202 203 212 219 257 258 260 267 274 276 277 283 284 322 323 328 330 331 333 336 338 339 346 348 386 387 393 394 402 403 406 411 451 465 476
267 140 261 266 274 284 290 291 293 300 325 334 339 342 343 348 349 355 356 357 364 367 389 396 405 406 412 413 421 422 429 437 439 468 477 484 485 487 493 494 495
268 195 3 134 141 154 194 196 197 207 211 212 221 222 257 260 262 269 270 276 277 285 287 325 326 329 330 332 333 341 389 395
269 69 70 84 131 133 140 141 142 195 196 197 205 207 212 221 260 268 270 275 276 285 287 322 323 324 325 332 333 341 398 403
270 69 78 84 85 131 134 140 143 149 195 197 198 205 212 214 220 260 261 263 268 269 324 325 326 333 335 341 342 366 390 406
271 79 142 143 150 151 198 205 207 215 261 262 278 279 327 334 335 342 343 399 407
272 136 144 192 200 217 256 264 273 280 330 344 345 347 352 410 426 474 489
273 65 80 89 128 129 136 138 144 145 146 147 153 192 200 201 211 216 217 264 265 272 275 280 320 321 330 337 344 345 409 410 411
274 420 219 266 267 284 285 290 291 292 300 338 339 342 349 355 356 357 363 364 380 402 404 405 411 412 417 418 421 422 429 430 435 439 460 467 469 470 482 487 494 495 500 502
275 1 73 75 76 80 88 131 132 138 147 194 200 201 203 204 210 211 217 220 228 257 269 273 276 277 282 285 289 330 331 332 333 341 346 347 388 402 403 411
276 11 18 65 67 84 93 131 132 138 139 140 147 149 154 155 156 194 197 201 203 211 217 218 220 237 257 265 266 268 269 275 277 282 285 322 341 347 387 419
277 3 84 131 139 140 141 143 149 150 158 166 195 196 197 201 202 203 205 211 212 213 214 220 221 230 258 260 266 268 275 276 287 293 323 332 335 341 348 349 357 398
278 198 199 205 215 222 223 261 263 271 279 285 335 339 340 342 343 359 366 367 407 414 415 422 438 439 463 470 487 494 495
279 79 135 142 143 150 151 205 214 215 222 271 278 286 287 326 327 334 343 350 366 399 406 407
280 80 128 136 144 145 152 160 201 209 217 232 234 256 265 272 273 281 282 328 337 344 345 347 352 362 368 377 424
281 80 89 146 152 153 160 162 200 201 202 216 218 226 233 257 280 282 283 289 296 299 329 353 362 400 402 408 409 411 417 432 474 489 490
282 73 80 82 88 97 136 146 153 154 155 163 195 200 201 203 209 216 218 220 227 257 258 264 275 276 280 281 285 288 289 296 328 330 331 337 341 344 345 346 347 353 360 362 363 409 410 419 424 426
283 80 82 84 140 153 155 156 195 201 202 211 212 217 218 219 227 228 230 243 258 266 281 284 285 329 331 332 338 341 346 347 348 349 363 364 366 371 401 402 403 411 418 419 436 444 474
284 148 165 171 172 195 201 202 213 218 219 222 225 227 229 230 258 266 267 274 283 285 286 290 291 292 293 308 346 349 356 357 363 364 366 371 412 418 421 429 430 436 494 502
285 212 18 77 84 100 139 140 142 147 172 195 201 202 205 207 213 218 220 222 227 228 230 268 269 274 275 276 278 282 283 284 294 301 310 333 341 349 357 396 403 406 421
286 148 151 174 229 279 284 295 309 340 342 343 349 350 351 356 357 358 367 421 422 423 430 438 439 487 495 503
287 141 3 6 13 14 70 71 76 84 85 86 93 134 140 142 149 150 151 156 158 159 167 196 197 198 199 203 207 222 223 239 268 269 277 279 334 349
288 144 152 153 160 161 200 209 224 241 282 289 296 347 377 409 424
289 80 97 136 146 154 160 161 200 201 217 225 226 232 233 275 281 282 288 304 307 328 329 344 345 347 352 353 362 363 419 426 474 480 498
290 171 229 235 242 251 252 267 274 284 291 293 298 300 305 306 307 308 314 316 348 355 356 357 361 363 365 371 372 373 418 419 425 428 429 430 433 437 438 439 444 483 500 502 506 508 509
291 169 172 173 218 219 225 226 228 242 246 267 274 284 290 293 299 300 306 307 308 310 336 338 339 346 355 356 357 362 364 366 367 373 380 412 419 422 425 430 437 444 476 483 494 500 508
292 157 218 219 221 222 225 227 229 238 253 274 284 301 303 306 307 308 309 338 339 348 353 356 364 366 367 380 412 429 436 437 484 491 494 502 510
293 92 100 109 148 150 156 159 171 173 181 213 215 220 221 228 229 230 238 239 246 253 254 267 277 284 290 291 294 303 341 346 348 363 366 420 422 430 436 439
294 149 150 157 172 173 198 212 215 229 231 238 261 285 293 301 310 311 342 343 355 357 364 366 367 374 405 429 438 439 487
295 30 151 157 215 223 229 238 286 303 342 350 351 359 373 374 382 422 423 495 503
296 88 97 153 176 178 209 224 232 233 281 282 288 360 377 424 426
297 169 177 185 242 244 251 300 305 306 308 312 313 353 363 364 368 369 372 378 379 418 433 436 437 441 443 444 481 491 497 505 506
298 251 290 309 315 354 361 364 370 372 374 380 381 427 429 435 438 442 443 499 501 508 509 510 511
299 41 80 82 136 139 144 146 147 153 154 161 162 163 173 177 181 217 218 219 226 234 243 281 291 301 304 307 336 346 347 362 363 371 411 419 437 444
300 171 173 179 180 219 227 228 230 236 238 243 246 253 267 274 290 291 297 302 307 309 315 316 317 319 349 355 356 363 364 365 366 371 372 373 378 380 382 437 438 443 509
301 18 27 33 34 82 92 108 140 141 148 153 154 155 156 158 162 165 166 170 172 173 189 211 219 220 221 222 226 227 228 230 238 239 243 245 255 285 292 294 299 307 310 355 357 363 366 430 444
302 175 183 231 236 247 300 303 311 317 365 373 374 381 382 423 438 439 494 495 501 511
303 157 30 111 142 148 150 172 174 180 182 214 215 223 230 231 239 246 253 292 293 295 302 310 317 319 359 367 373 374 429 430 438 439
304 120 169 225 232 248 250 289 299 305 307 312 313 353 360 368 376 377 379 424 433 444 490
305 185 187 244 249 251 290 297 304 306 307 312 313 314 316 361 369 370 371 378 379 380 418 425 433 435 441 443 444 500 506 508 510
306 89 112 170 171 177 179 185 219 225 227 248 249 251 290 291 292 297 305 307 308 314 316 353 361 362 363 369 378 379 437 443 444 490 498 508
307 33 88 89 112 120 122 154 169 170 186 187 219 226 227 228 234 241 243 244 245 248 251 289 290 291 292 299 300 301 304 305 306 308 313 355 362 363 364 371 372 433 436 437 443 444
308 123 161 171 180 186 187 219 227 228 235 236 242 243 244 245 246 250 251 252 253 254 284 290 291 292 297 306 307 309 314 317 355 357 361 364 372 373 374 379 380 421 436 439 444 502 509 510
309 118 171 173 175 179 182 187 190 229 231 235 236 244 250 252 253 254 255 286 292 298 300 308 310 316 317 319 364 366 367 371 372 373 381 382 421 429 438 493 502 509
310 37 43 101 110 126 157 182 219 221 229 230 238 243 245 246 253 285 291 294 301 303 309 316 366 367 373 382 429 430 437 438 439
311 31 39 174 175 180 183 229 235 236 244 247 254 294 302 319 374 381 382 503
312 185 241 248 297 304 305 313 314 360 368 376 378 440 441 498 506
313 112 225 248 249 251 297 304 305 307 312 314 315 362 363 372 378 379 380 498
314 113 121 169 171 186 225 226 241 242 244 249 250 290 305 306 308 312 313 361 370 378 379 443 444 506
315 179 235 242 249 250 298 300 313 316 356 370 372 373 378 380 381 427 438 442 446 508 509
316 171 177 180 190 219 235 236 238 242 244 246 249 251 252 253 290 300 305 306 309 310 315 317 364 371 372 373 374 380 382 428 435 437 443 508 510
317 36 101 123 157 172 173 177 182 186 235 236 244 246 249 251 253 254 300 302 303 308 309 316 319 355 372 373 379 380 382 430 437
318 375 381 383
319 30 38 47 116 126 150 157 172 173 174 179 180 182 183 187 190 229 231 235 238 246 253 255 300 303 309 311 317 366 367 374 437
320 200 256 264 273 321 322 324 328 329 330 384 385 387 393 394 401 402 403 409 450 457 464 465 474
321 136 193 203 256 257 265 273 320 329 330 331 347 385 387 392 410
322 194 203 256 257 258 265 266 269 276 320 324 329 330 331 332 337 386 396 402 403 450 458 474
323 396 266 269 277 325 327 331 332 333 338 339 340 386 388 389 390 395 398 399 402 403 405 413 414 422 452 453 455 459 462 467 468 469 470 478 494
324 195 196 197 204 211 260 269 270 320 322 330 331 332 333 387 388 394 453
325 141 198 207 258 261 262 263 267 268 269 270 323 333 334 335 341 389 396 397 398 399 405 422 451 452 453 462 470
326 141 142 212 260 262 268 270 279 335 388 389 390 397 398 405 406 452 453 462 469
327 205 207 215 263 271 279 323 389 390 391 399 407 455 462 470
328 200 264 266 280 282 289 320 329 336 337 338 345 346 353 362 385 393 400 401 402 408 409 410 411 416 419 426 448 449 450 457 458 465 466 474 476 480 484
329 136 200 201 203 257 264 268 281 283 289 320 321 322 328 330 336 337 344 347 385 393 401 402 403 474
330 257 128 138 146 194 200 202 209 211 256 258 260 264 265 266 268 272 273 275 282 320 321 322 324 329 331 337 341 347 385 386 387 388 394 396 400 409 474
331 139 147 203 204 257 258 266 275 282 283 321 322 323 324 330 337 345 385 386 387 388 394 395 402 403 409 411 458 459
332 131 139 195 197 201 202 203 212 213 220 221 257 268 269 275 277 283 322 323 324 335 341 386 388 395 396 398 405 406 411 458 459 469 470
333 141 148 195 196 201 213 221 257 258 262 263 266 268 269 270 275 285 323 324 325 335 339 349 387 396 398 406 452 469
334 407 261 262 263 267 271 279 287 325 335 342 343 350 390 399 405 406 422 460 463 469 470
335 131 134 135 143 196 197 199 205 213 261 262 263 270 271 277 278 325 326 332 333 334 389 390 391 398 399
336 200 264 266 291 299 328 329 344 345 353 355 361 371 384 385 400 401 402 408 409 410 411 418 419 426 433 456 464 465 474 480 481 484 488 489 490 491
337 264 80 136 200 201 209 211 216 217 257 273 280 282 322 328 329 330 331 344 345 346 347 352 353 385 393 394 400 401 403 409 424 450 458 474
338 219 225 258 266 274 283 291 292 323 328 339 346 348 353 364 371 386 401 403 405 412 417 418 419 421 459 466 473 474 476 477 481 482 483 484 485 490 494 500
339 202 212 266 267 274 278 291 292 323 333 338 340 346 348 355 356 357 364 395 396 411 417 418 419 420 421 430 436 438 439 460 466 467 468 473 481 484 491 494 502
340 413 278 286 323 339 343 348 349 356 358 397 404 405 412 414 420 421 422 429 430 438 439 468 477 478 484 485 486 487 494 495 500 502 510
341 131 132 141 148 155 156 194 195 196 197 203 205 206 212 220 222 258 268 269 270 275 276 277 282 283 285 293 325 330 332 403 406 462 469
342 140 148 198 205 262 267 270 271 274 278 286 294 295 334 343 350 367 389 390 396 398 399 404 405 406 407 414 430 461 462 469 470 487 495
343 79 150 151 223 231 261 267 271 278 279 286 294 334 340 342 349 397 405 407 413 414 423 463 495
344 136 224 264 272 273 280 282 289 329 336 337 346 352 353 360 362 408 409 417 424 426 474 480 489
345 0 80 128 136 194 200 201 217 257 272 273 280 282 289 328 331 336 337 347 352 362 409 410 458
346 219 226 228 258 266 275 282 283 284 291 293 299 328 337 338 339 344 355 364 371 400 408 411 417 418 419 426 433 457 473 474 483 491
347 18 65 80 136 138 146 153 200 201 203 209 220 256 264 272 275 276 280 282 283 288 289 299 321 329 330 337 345 401 410 411 419 458
348 421 140 157 219 266 267 277 283 290 292 293 338 339 340 349 355 356 357 364 367 372 395 404 407 411 412 413 420 422 429 430 436 437 438 467 470 478 484 485 487 494 500 502 508
349 148 150 212 219 261 267 274 277 283 284 285 286 287 300 333 340 343 348 350 357 373 399 405 406 407 412 419 421 430 436 438 439 461 468 469 470 476 477 478 484 487 493
350 223 229 231 236 279 286 295 334 342 349 359 366 367 374 405 412 415 423 429 430 439 486 495 502 503 511
351 286 295 359 365 375 415 423 471 478 495 511
352 153 161 226 264 272 280 289 337 344 345 353 360 361 368 393 400 408 409 417 424 426 436 464 472 480 489 497 498
353 144 264 281 282 289 292 297 304 306 328 336 337 338 344 352 361 362 364 408 409 417 419 424 426 433 436 444 472 474 480 481 489 490 498 506
354 427 298 365 374 381 425 428 430 438 446 475 482 483 494 499 501 502
355 148 154 219 220 225 227 228 243 244 267 274 290 291 294 300 301 307 308 317 336 339 346 348 356 357 362 363 364 402 412 417 418 419 420 430 436 438 439 444 473 484 490 491 494
356 229 236 267 274 284 286 290 291 292 300 315 339 340 348 355 359 363 364 365 373 420 421 422 428 429 430 438 439 475 476 483 484 485 493 494 495 500 501 502 507 510
357 140 141 148 156 201 202 205 212 215 218 219 221 228 230 239 267 274 277 284 285 286 290 291 294 301 308 339 348 349 355 364 366 402 405 419 420 421 422 476 487 502
358 286 340 359 365 382 415 423 428 431 439 486 492 501 503 510 511
359 157 174 223 278 295 303 350 351 356 358 365 374 375 382 413 415 422 423 428 477 487 495 511
360 226 233 282 296 304 312 344 352 362 377 408 409 419 424 426 432 480 481 489
361 225 235 290 298 305 306 308 314 336 352 353 369 370 376 380 408 416 418 433 434 435 436 441 443 481 490 491 497 498 499 500 505 506 508 509
362 105 153 154 169 218 226 227 232 241 280 281 282 289 291 299 306 307 313 328 344 345 353 355 360 376 377 379 400 402 411 417 419 424 426 432 433 436 443 444 474 489 491
363 154 169 225 226 227 243 274 282 283 284 289 290 293 297 299 300 301 306 307 313 355 356 364 371 372 418 419 420 435 436 437 443 444 489 506 508 509
364 437 171 202 221 227 235 267 274 283 284 291 292 294 297 298 300 307 308 309 316 338 339 346 348 353 355 356 357 363 371 372 412 420 422 435 439 444 476 484 491 494 500 509
365 511 236 290 300 302 351 354 356 358 359 370 373 374 382 404 423 429 431 435 438 439 447 493 495 501 503 509
366 140 148 149 154 157 171 172 214 218 219 225 226 227 230 231 236 254 270 278 279 283 284 291 292 293 294 300 301 309 310 319 350 357 367 372 420 421 422 437 487
367 141 150 157 175 214 221 231 244 255 267 278 286 291 292 294 303 309 310 319 342 348 350 366 421 422 429 437 478 493 495 502
368 176 184 225 234 280 297 304 312 352 376 377 417 424 432 433 488 490 498
369 242 248 251 297 305 306 361 379 417 433 435 441 443 444 496 497 499 504 507 508 509
370 242 251 298 305 314 315 361 365 379 380 425 429 433 434 442 499 502 507 509 510 511
371 225 444 89 153 170 171 186 227 228 233 234 241 243 248 250 283 284 290 299 300 305 307 309 316 336 338 346 363 364 372 379 380 419 426 433 436 441 443 506 508
372 172 236 242 244 249 250 252 290 297 298 300 307 308 309 313 315 316 317 348 363 364 366 371 373 378 379 380 382 419 420 437 439 441 444 484 494 508 509
373 157 174 179 180 235 236 242 253 290 291 295 300 302 303 308 309 310 315 316 317 349 356 365 372 374 380 382 423 427 429 437 439 446 492 494 509
374 180 229 235 236 252 254 294 295 298 302 303 308 311 316 319 350 354 359 365 373 375 382 430 435 446 447 487 495 509 510 511
375 191 235 318 351 359 374 381 445 447 511
376 177 184 225 232 249 250 304 312 361 362 368 377 432 440 441 488 496
377 113 169 225 233 241 248 280 288 296 304 360 362 368 376
378 185 248 249 251 252 297 300 305 306 312 313 314 315 372 379 380 433 435 437 441 505 506 507 508
379 105 169 185 186 187 225 226 242 243 244 250 297 304 305 306 308 313 314 317 362 369 370 371 372 378 380 417 425 440 441 443 505 507 509
380 225 229 235 236 249 251 274 291 292 298 300 305 308 313 315 316 317 361 370 371 372 373 378 379 429 434 436 437 498 508
381 235 236 298 302 309 311 315 318 354 375 382 429 435 446 492 500 501 503 509 510
382 183 235 236 242 252 295 300 302 309 310 311 316 317 358 359 365 372 373 374 381 427 429 438 439 445 446 501 502 510
383 318 446
384 257 264 320 336 385 387 394 408 448 449 457 458 466
385 256 257 258 320 321 328 329 330 331 336 337 384 387 388 396 400 401 402 410 411 448 450 451 452 457 458 464 465 474
386 459 201 257 258 264 266 322 323 330 331 332 338 387 388 393 394 395 397 411 449 451 452 453 457 458 460 464 466 467 468 476
387 195 257 264 266 276 320 321 324 330 331 333 384 385 386 388 393 394 395 396 401 406 452 453
388 195 196 258 275 323 324 326 330 331 332 385 386 387 395 406 450 452 453
389 462 195 258 261 267 268 323 325 326 327 335 342 390 396 397 398 406 453 455 468 469 470
390 198 262 263 270 323 326 327 334 335 342 389 398 399 406 407 455 460 461 462 463 470 478
391 205 261 262 263 327 335 397 399 405 406 407 414 455 463
392 192 321
393 256 257 264 266 320 328 329 337 352 386 387 394 396 401 403 411 450 451 457 458 459 464 465 474 480
394 201 256 260 264 266 320 324 330 331 337 384 386 387 393 395 401 402 403 419 453 458 474
395 268 323 331 332 339 348 386 387 388 394 406 411 421 448 449 459 460 466 476 483
396 323 202 258 262 267 285 322 325 330 332 333 339 342 385 387 389 393 397 398 403 406 420 452 453 458 462 468 469 470 476 483
397 470 258 261 325 326 340 343 386 389 391 396 399 405 406 412 413 421 422 453 455 460 461 462 468 469 476 478 487 494 495
398 195 205 258 261 263 269 277 323 325 326 332 333 335 342 389 390 396 399 405 406 407 453 462
399 198 262 263 271 279 323 325 327 334 335 342 349 390 391 397 398 406 407 462 463 470
400 200 257 281 328 330 336 337 346 352 362 385 401 402 403 409 410 411 417 426 448 457 459 464 465 466 473 474 488
401 257 264 283 320 328 329 336 337 338 347 385 387 393 394 400 402 403 408 409 410 416 417 426 448 449 458 459 464 466 472 473 474 480 489 491
402 257 266 274 275 281 283 320 322 323 328 329 331 336 355 357 362 385 394 400 401 403 411 418 419 449 456 457 464 466 467 474 481
403 131 195 200 202 212 258 266 269 275 283 285 320 322 323 329 331 337 338 341 393 394 396 400 401 402 411 426 474
404 274 340 342 348 365 414 415 421 422 427 438 469 470 475 477 484 485 486 492 494 495 500
405 205 261 262 267 274 294 323 325 326 332 334 338 340 342 343 349 350 357 391 397 398 407 412 413 414 420 421 422 429 452 455 461 462 469 470 476 477 478 483 487 494
406 196 197 205 213 214 219 258 261 262 266 267 270 279 285 326 332 333 334 341 342 349 387 388 389 390 391 395 396 397 398 399 407 414 421 468 469 470 478 487 494
407 334 215 262 271 278 279 327 342 343 348 349 390 391 398 399 405 406 414 423 469 470 478 487 495
408 281 328 336 344 346 352 353 360 361 384 401 411 417 433 466 472 474 480 481 488 489 490 498
409 201 264 273 281 282 288 320 328 330 331 336 337 344 345 352 353 360 400 401 424 465 489
410 65 80 200 201 202 216 218 256 257 265 272 273 282 321 328 336 345 347 385 400 401 474
411 195 200 202 218 258 264 266 273 274 275 281 283 299 328 331 332 336 339 346 347 348 362 385 386 393 395 400 402 403 408 417 436 458 459 460 465 476 490
412 267 274 284 291 292 338 340 348 349 350 355 364 397 405 413 414 420 421 422 430 466 468 470 478 484 485 487 491 493 494 501 502
413 340 267 323 343 348 359 397 405 412 414 421 422 423 430 463 467 468 470 471 475 477 487 493 494 495 500 501 511
414 261 278 323 340 342 343 391 404 405 406 407 412 413 420 421 422 430 438 468 470 471 478 485 487 493 494 502 503
415 278 350 351 358 359 404 423 431 471 486 487 495
416 328 361 401 418 425 433 441 472 481 482 490 491 497 498 505 507
417 490 201 274 281 338 339 344 346 352 353 355 362 368 369 379 400 401 408 411 425 426 436 472 480 481 483 484 488 489 491 497 505
418 274 283 284 290 297 305 336 338 339 346 355 361 363 402 416 419 425 443 467 472 473 474 476 481 482 483 484 488 489 490 491 497 500 502 508
419 161 202 218 219 225 227 257 276 282 283 289 290 291 299 328 336 338 339 346 347 349 353 355 357 360 362 363 371 372 394 402 418 436 466 468 481 483 484 497 498 508
420 274 226 227 293 339 340 348 355 356 357 363 364 366 372 396 405 412 414 421 429 430 437 444 484 487 491 493 494 495 500 510
421 348 267 274 284 285 286 308 309 338 339 340 349 356 357 366 367 395 397 404 405 406 412 413 414 420 422 430 437 439 469 470 477 485 487 493 494 495 502 503
422 157 214 221 231 267 274 278 286 291 293 295 323 325 334 340 348 356 357 359 364 366 367 397 404 405 412 413 414 421 423 430 439 461 470 477 478 485 487 493 494 495 500 502 503 510
423 286 295 302 343 350 351 358 359 365 373 407 413 415 422 429 430 438 439 446 471 478 479 486 493 494 495 502 503 511
424 280 282 288 296 304 337 344 352 353 360 362 368 409 426 480 489
425 290 291 305 354 370 379 416 417 418 433 434 443 481 483 490 491 496 497 498 500 506 509
426 153 154 200 218 225 226 232 233 272 282 289 296 328 336 344 346 352 353 360 362 371 400 401 403 417 424 432 436 464 481 490 491 497 498 506
427 354 298 315 373 382 404 428 429 434 442 475 492 499 500 501 502 503 510
428 501 236 290 316 354 356 358 359 427 429 430 435 438 439 445 492 493 495 502 503 508 509 510 511
429 502 229 235 267 274 284 290 292 294 298 303 309 310 340 348 350 356 365 367 370 373 380 381 382 405 420 423 427 428 435 437 438 439 476 482 485 487 491 492 494 495 499 500 501 508 509 510 511
430 229 236 238 274 284 286 290 291 293 301 303 310 317 339 340 342 348 349 350 354 355 356 374 412 413 414 420 421 422 423 428 437 438 439 478 485 487 494 495 502 509
431 358 365 415 447 479 503 511
432 225 281 360 362 368 376 426 441 480 490 505
433 225 290 297 304 305 307 336 346 353 361 362 368 369 370 371 378 408 416 425 443 489 496 497 498 504 506 508
434 507 242 361 370 380 425 427 435 441 442 444 482 497 498 500 502 504 508 510
435 242 274 298 305 316 361 363 364 365 369 374 378 381 428 429 434 436 438 441 443 482 491 493 500 501 507 508 509
436 154 161 170 171 218 225 226 227 232 233 241 245 283 284 292 293 297 307 308 339 348 349 352 353 355 361 362 363 371 380 411 417 419 426 435 443 444 474 483 491 508
437 364 172 227 235 236 267 290 291 292 297 299 300 306 307 310 316 317 319 348 363 366 367 372 373 378 380 420 421 429 430 439 444 483 484 491 494 495 500 508 509 511
438 172 235 236 252 253 278 286 290 294 298 300 302 303 309 310 315 339 340 348 349 354 355 356 365 382 404 414 423 428 429 430 435 439 493 494 495 502 508 509 510 511
439 140 157 182 227 229 235 238 244 246 255 267 274 278 286 290 293 294 302 303 308 310 339 340 349 350 355 356 358 364 365 372 373 382 421 422 423 428 429 430 437 438 444 487 494 500 510 511
440 248 312 376 379 441 498 506
441 297 305 312 361 369 371 372 376 378 379 416 432 434 435 440 496 498 504 505 506 508
442 298 315 370 427 434 445 499
443 185 225 235 243 244 249 250 297 298 300 305 306 307 314 316 361 362 363 369 371 379 418 425 433 435 436 444 482 496 498 500 505 506 508
444 225 371 154 161 169 186 218 219 226 233 234 241 242 243 283 290 291 297 299 301 304 305 306 307 308 314 353 355 362 363 364 369 372 420 434 436 437 439 443 484 491 506
445 375 382 428 442 446 447 499 501 510
446 235 236 315 354 373 374 381 382 383 423 445 447 501 503 511
447 365 374 375 431 445 446 503
448 328 384 385 395 400 401 449 451 456 457 459 464 466
449 328 384 386 395 401 402 448 451 456 457 459 465 466 469
450 258 320 322 328 337 385 388 393 451 457 458 459 465
451 266 325 385 386 393 448 449 450 452 458 459 469 474 476
452 323 325 326 333 385 386 387 388 396 405 451 453 458 459 462 469
453 261 323 324 325 326 386 387 388 389 394 396 397 398 452 468 470
454 471
455 323 327 389 390 391 397 405 469
456 336 402 448 449 464 465 466 467 472 481
457 320 328 346 384 385 386 393 400 402 448 449 450 458 459 465 466 467 476
458 256 257 322 328 331 332 337 345 347 384 385 386 393 394 396 401 411 450 451 452 457 465 474 476
459 386 201 258 323 331 332 338 393 395 400 401 411 448 449 450 451 452 457 464 466 467 468 469 476 483
460 274 334 339 386 390 395 397 411 461 462 467 468 470 477
461 342 349 390 397 405 422 460 462 463 467 468 470 471 484
462 389 261 263 323 325 326 327 341 342 390 396 397 398 399 405 452 460 461 463 467 469 470 478 487
463 278 334 343 390 391 399 413 461 462 471 478
464 257 264 320 336 352 385 386 393 400 401 402 426 448 456 459 481
465 200 257 266 320 328 336 385 393 400 409 411 449 450 456 457 458 474 488
466 328 338 339 384 386 395 400 401 402 408 412 419 448 449 456 457 459 467 472 483 491
467 274 323 339 348 386 402 413 418 456 457 459 460 461 462 466 468 469 473 474 475 476 483 484 491
468 261 267 323 339 340 349 386 389 396 397 406 412 413 414 419 453 459 460 461 467 469 470 475 476 477 478 483 485 487 494
469 195 201 205 274 323 326 332 333 334 341 342 349 389 396 397 404 405 406 407 421 449 451 452 455 459 462 467 468 470 476 483
470 397 261 274 278 323 325 327 332 334 342 348 349 389 390 396 399 404 405 406 407 412 413 414 421 422 453 460 461 462 468 469 471 478 484 487 495
471 351 413 414 415 423 454 461 463 470 478 479
472 352 353 401 408 416 417 418 456 466 473 481 489 490 491 498 506
473 338 339 346 355 400 401 418 467 472 476 481 483 484 490 491 497
474 257 264 272 281 283 289 320 322 328 329 330 336 337 338 344 346 353 362 385 393 394 400 401 402 403 408 410 418 436 451 458 465 467 481 483 490
475 354 356 404 413 427 467 468 478 482 483 484 486 492 501 503
476 258 266 291 328 338 349 356 357 364 386 395 396 397 405 411 418 429 451 457 458 459 467 468 469 473 478 483 490 491 494
477 267 338 340 349 359 404 405 413 421 422 460 468 483 484 485 487 492 501 502 503 511
478 205 323 340 348 349 351 367 390 397 405 406 407 412 414 422 423 430 462 463 468 470 471 475 476 483 484 485 487 502
479 423 431 471
480 289 328 336 344 352 353 360 393 401 408 417 424 432 481 488 498
481 297 336 338 339 353 360 361 402 408 416 417 418 419 425 426 456 464 472 473 474 480 483 491 498 505
482 274 338 354 416 418 429 434 435 443 475 492 493 499 500 502 507 508
483 290 291 338 346 354 356 395 396 405 417 418 419 425 436 437 459 466 467 468 469 473 474 475 476 477 478 481 484 490 491 492 494 502 508
484 219 267 292 328 336 338 339 340 348 349 355 356 364 372 404 412 417 418 419 420 437 444 461 467 470 473 475 477 478 483 487 495 502 510
485 267 338 340 348 356 404 412 414 421 422 429 430 468 477 478 486 487 493 494 502 503 511
486 340 350 358 404 415 423 475 485 487 502 503
487 263 267 274 278 286 294 340 342 348 349 357 359 366 374 397 405 406 407 412 413 414 415 420 421 422 429 430 439 462 468 470 477 478 484 485 486 494 495
488 336 368 376 400 408 417 418 465 480 489 490 496 497 498 505
489 272 281 336 344 352 353 360 362 363 401 408 409 417 418 424 433 472 488 490 498 505
490 417 281 304 306 336 338 353 355 361 368 408 411 416 418 425 426 432 472 473 474 476 483 488 489 505 506
491 292 297 336 339 346 355 361 362 364 401 412 416 417 418 420 425 426 429 435 436 437 444 466 467 472 473 476 481 483 497 500 506 507 508 509
492 358 373 381 404 427 428 429 475 477 482 483 499 502 503 509 510
493 267 309 349 356 365 367 412 413 414 420 421 422 423 428 435 438 482 485 494 495 500 510 511
494 219 235 267 274 278 284 291 292 302 323 338 339 340 348 354 355 356 364 372 373 397 404 405 406 412 413 414 420 421 422 423 429 430 437 438 439 468 476 483 485 487 493 495 503 509 510
495 205 229 231 236 267 274 278 286 295 302 340 342 343 350 351 356 359 365 367 374 397 404 407 413 415 420 421 422 423 428 429 430 437 438 470 484 487 493 494 502 509 510
496 369 376 425 433 441 443 488 497 498 504 505 506
497 225 297 352 361 369 416 417 418 419 425 426 433 434 473 488 491 496 498 504 505 506
498 289 306 312 313 352 353 361 368 380 408 416 419 425 426 433 434 440 441 443 472 480 481 488 489 496 497 504 505 506 507 508
499 298 354 361 369 370 427 429 442 445 482 492 500 507 509 510 511
500 235 274 290 291 305 338 340 348 356 361 364 381 404 413 418 420 422 425 427 429 434 435 437 439 443 482 491 493 499 508 509 510
501 428 298 302 354 356 358 365 381 382 412 413 427 429 435 445 446 475 477 502 507 509 511
502 429 219 229 235 236 274 284 290 292 308 309 339 340 348 350 354 356 357 367 370 382 412 414 418 421 422 423 427 428 430 434 438 477 478 482 483 484 485 486 492 495 501 503 509 510
503 286 295 311 350 358 365 381 414 421 422 423 427 428 431 446 447 475 477 485 486 492 494 502 511
504 369 433 434 441 496 497 498
505 248 297 361 378 379 416 417 432 441 443 481 488 489 490 496 497 498 506
506 177 225 249 290 297 305 312 314 353 361 363 371 378 425 426 433 440 441 443 444 472 490 491 496 497 498 505
507 434 242 356 369 370 378 379 416 435 482 491 498 499 501 508 509
508 225 236 290 291 298 305 306 315 316 348 361 363 369 371 372 378 380 418 419 428 429 433 434 435 436 437 438 441 443 482 483 491 498 500 507 509 510
509 236 290 298 300 308 309 315 361 363 364 365 369 370 372 373 374 379 381 425 428 429 430 435 437 438 491 492 494 495 499 500 501 502 507 508 510 511
510 235 236 292 298 305 308 316 340 356 358 370 374 381 382 420 422 427 428 429 434 438 439 445 484 492 493 494 495 499 500 502 508 509 511
511 365 235 298 302 350 351 358 359 370 374 375 413 423 428 429 431 437 438 439 446 477 485 493 499 501 503 509 510
