3
3
2
1
5
3
2
1
5
8
3
5
7
3
7
1
7
3
3
1
1
5
3
3
3
1
1
9
6
3
1
7
1
1
1
2
2
9
3
2
1
5
1
5
5
5
1
1
3
1
1
1
1
7
3
1
2
1
7
3
1
7
3
5
5
1
1
3
2
7
1
7
2
1
3
1
1
12
2
2
1
1
3
5
1
3
1
2
7
5
1
1
1
3
2
5
7
7
7
5
7
6
1
7
1
3
7
1
5
5
5
1
3
1
1
5
5
1
2
7
1
21
2
2
3
5
6
3
1
1
1
1
1
3
1
19
1
1
2
1
3
3
3
2
3
1
5
1
7
3
1
7
3
1
7
1
1
2
7
1
5
3
3
1
1
9
3
1
7
5
1
1
7
2
1
1
1
14
7
2
9
1
2
9
3
3
1
3
3
7
5
5
3
1
3
2
1
9
1
3
1
1
3
1
1
3
1
2
1
1
8
7
2
1
1
3
5
5
9
3
3
7
1
3
3
3
1
3
7
7
7
1
7
13
7
5
1
1
14
3
1
1
1
3
2
3
1
3
2
1
13
5
3
5
5
15
13
7
1
3
1
1
1
7
2
3
3
5
13
3
5
2
1
1
1
5
3
2
3
7
1
1
1
5
1
7
1
2
2
1
15
7
1
5
1
1
1
5
3
2
1
3
2
3
1
3
2
3
1
1
3
1
5
1
3
2
2
1
5
2
2
1
2
1
5
3
1
7
1
2
3
3
9
1
6
3
5
1
5
15
13
3
1
1
3
1
21
3
3
1
1
2
5
1
3
3
2
3
5
1
3
1
2
13
5
7
5
2
7
1
5
1
6
3
1
3
7
5
1
1
1
1
3
5
3
2
5
3
9
7
7
1
3
7
1
1
5
2
5
2
1
1
1
1
1
1
7
1
1
1
7
3
3
3
3
1
1
5
5
7
1
2
7
3
1
2
1
9
3
5
9
1
5
3
13
3
7
7
1
1
1
2
3
2
5
3
15
9
1
1
1
1
1
1
1
1
1
1
5
7
1
1
1
1
1
7
1
9
3
3
1
7
7
1
2
3
1
3
1
1
7
1
3
7
1
1
1
3
2
9
7
1
1
5
1
3
1
1
1
1
