56
36
4
51
37
16
41
50
3
43
42
35
5
43
38
52
62
4
27
41
3
0
35
47
54
45
21
2
15
61
55
56
38
25
33
39
22
5
53
1
42
43
16
22
42
62
18
29
21
34
49
35
26
40
16
50
19
54
45
61
53
26
54
37
61
8
44
46
20
57
10
36
33
60
5
60
30
39
54
50
63
61
1
18
22
63
6
44
62
35
43
62
3
61
11
11
53
12
58
48
47
5
33
63
1
11
43
32
46
21
58
24
42
0
2
6
28
61
54
15
51
28
39
59
40
8
10
34
56
26
19
57
31
42
17
42
11
46
18
25
60
34
20
17
46
21
39
40
41
17
22
50
50
58
12
59
27
12
12
52
2
29
43
19
7
51
20
15
45
19
12
39
56
51
5
5
18
57
46
30
0
5
20
14
4
7
52
37
0
53
52
2
54
49
3
41
37
22
23
23
34
55
39
63
46
48
49
37
1
14
1
45
62
55
22
17
49
53
33
29
37
31
18
32
39
28
19
25
30
33
56
17
41
60
6
60
5
59
37
34
38
29
25
47
28
15
53
10
9
23
21
8
2
46
21
13
36
30
21
3
28
30
15
26
12
16
10
35
63
20
43
59
10
57
23
20
7
62
22
44
2
38
2
46
1
27
47
49
41
61
10
16
29
25
43
22
36
26
29
5
9
15
42
47
1
18
47
14
27
10
9
27
4
9
2
41
55
43
9
27
51
9
26
34
31
20
7
6
24
56
50
21
48
63
3
39
12
8
51
26
6
5
62
20
41
0
27
53
12
15
32
12
15
6
12
54
25
30
32
20
15
4
36
8
63
39
43
60
9
61
5
22
29
10
13
2
16
12
18
63
59
26
2
46
30
58
1
36
24
63
52
56
46
6
0
23
34
18
7
3
0
45
30
37
44
58
1
26
34
21
55
29
52
54
46
37
20
46
20
30
37
21
25
53
31
26
41
44
42
40
48
29
34
17
30
28
43
51
41
46
0
11
40
32
47
12
25
26
16
49
34
13
41
16
42
39
3
58
25
2
58
39
48
63
62
44
46
10
0
34
4
52
60
4
29
0
27
52
41
38
10
34
46
25
21
40
38
32
46
18
9
41
27
32
29
45
2
26
49
7
0
0
0
0
0
0
0
