37
16
40
48
28
3
13
27
7
22
43
61
9
46
29
10
33
61
47
58
42
41
29
17
44
21
5
0
54
48
62
49
23
35
54
37
24
60
48
2
61
31
47
17
17
31
62
48
27
30
30
51
33
41
29
23
16
55
22
40
20
20
18
53
20
54
60
38
7
58
5
37
36
37
45
30
16
63
3
52
28
55
30
40
37
26
28
7
38
4
14
30
38
11
15
57
32
34
14
37
21
61
9
7
30
14
44
13
1
10
50
14
58
15
19
22
22
60
32
20
53
55
56
41
49
9
53
7
18
30
20
0
60
17
28
30
27
9
1
3
3
10
23
18
50
63
61
45
42
47
15
17
42
30
19
39
23
7
1
1
29
53
39
22
21
43
44
61
63
48
42
62
21
4
28
42
40
8
63
24
43
13
16
3
56
22
54
7
56
52
7
61
47
63
53
58
57
52
1
22
13
2
62
11
35
19
46
25
45
63
24
22
61
33
43
43
35
41
51
7
40
20
52
48
6
16
32
19
61
53
60
32
35
57
21
54
21
29
3
43
63
59
27
14
21
13
20
31
39
2
30
7
40
30
51
9
29
3
33
38
41
7
42
4
45
15
63
63
62
40
32
46
42
36
52
10
47
10
37
59
60
34
43
57
20
9
1
37
22
22
52
33
15
30
31
23
14
36
20
15
16
39
58
17
17
50
58
11
3
28
50
22
34
47
39
16
61
5
8
46
13
51
35
1
10
25
49
54
40
13
47
51
10
5
38
3
0
63
5
13
34
31
28
61
59
42
15
45
27
23
20
52
14
26
45
9
36
25
49
4
26
37
60
20
33
59
7
36
5
19
39
52
19
12
44
1
37
17
16
18
23
29
4
23
41
47
39
26
15
52
8
44
2
48
57
3
23
25
28
53
12
29
58
7
30
30
5
0
44
3
62
22
31
45
36
18
53
13
46
26
19
33
32
36
42
41
59
47
35
35
21
52
55
54
44
16
23
22
5
20
18
15
45
52
27
17
28
1
55
33
47
53
7
6
8
21
10
42
55
54
49
51
16
25
21
43
27
52
2
37
31
58
21
8
32
6
61
18
1
41
25
15
55
61
27
20
19
7
36
0
12
46
32
21
18
46
37
53
9
3
23
57
53
63
28
29
5
9
60
1
50
59
55
16
5
33
3
0
0
0
0
0
0
0
0
0
0
0
0
0
0
0
0
0
0
0
0
0
0
0
0
0
0
0
0
0
0
0
0
0
0
0
0
