80
1
95
117
74
39
49
92
30
46
61
61
98
14
109
98
98
116
86
123
98
6
53
115
121
97
71
15
1
35
35
118
104
62
65
119
96
109
77
32
76
99
109
78
109
36
84
44
47
90
49
19
105
27
86
111
105
81
88
5
90
81
9
102
76
65
83
103
94
115
60
94
23
98
25
111
48
96
88
7
60
54
80
115
100
54
41
87
113
69
25
11
95
1
118
68
28
7
92
102
10
38
72
1
90
63
95
7
66
33
42
66
118
101
110
94
12
27
96
114
82
64
53
35
77
59
45
67
95
94
91
99
29
21
124
99
58
101
42
29
1
110
19
28
108
52
83
92
1
107
104
65
106
66
94
26
101
30
1
82
70
88
109
117
1
56
86
19
72
109
41
30
34
84
122
73
59
64
48
85
55
63
83
77
112
97
44
86
121
49
16
67
85
64
97
10
7
1
107
44
37
120
95
80
1
17
82
36
88
27
66
108
94
54
122
77
106
105
112
69
66
113
25
97
101
68
82
37
51
67
120
20
86
1
81
68
104
81
99
87
9
79
81
52
85
63
108
77
106
119
72
110
83
6
30
1
77
78
92
109
105
102
80
48
112
61
97
38
114
94
54
75
111
55
40
73
89
80
88
86
51
99
59
72
115
86
113
87
111
78
60
73
82
71
92
102
18
40
88
71
29
86
72
31
52
65
37
45
81
84
99
66
52
99
83
48
104
72
93
69
74
56
113
27
48
106
32
63
41
105
110
27
95
59
64
7
8
19
77
108
91
108
57
110
73
66
54
102
97
96
46
34
37
29
67
77
107
17
56
116
98
53
110
123
34
114
118
110
7
107
81
49
100
108
104
76
90
121
57
83
41
108
118
105
73
94
121
1
112
7
114
9
82
101
88
24
107
60
61
119
19
10
117
8
39
30
37
19
33
117
39
97
85
116
70
45
79
69
91
38
9
78
1
8
69
8
112
80
95
101
86
106
7
122
117
21
61
65
96
91
107
104
116
57
1
106
11
78
44
1
112
42
54
58
35
42
1
87
69
95
1
102
14
70
97
1
70
81
6
1
53
119
68
105
41
44
1
84
98
65
92
1
85
67
72
110
1
87
110
1
71
70
89
9
110
58
93
11
95
40
