37
5
1
10
19
1
1
26
15
13
2
1
17
10
13
30
3
5
18
1
19
15
14
3
39
3
1
25
18
29
9
5
33
3
5
5
15
1
5
5
15
22
3
1
33
35
9
7
9
5
7
1
31
18
19
2
47
23
3
11
26
7
1
7
3
17
1
37
7
7
9
5
28
7
11
7
21
11
23
7
22
7
58
2
1
12
3
3
22
6
3
1
14
1
3
1
31
6
29
7
17
5
6
3
8
2
3
5
15
29
7
2
7
1
1
22
3
10
4
1
18
29
18
7
17
2
29
9
27
7
5
19
3
5
7
1
20
16
21
18
9
3
24
3
7
45
23
1
7
18
23
3
19
7
31
15
1
41
1
1
7
1
3
10
23
1
3
21
9
1
17
2
3
1
7
8
31
13
2
8
23
20
5
10
22
1
1
3
7
14
17
26
5
16
1
5
9
27
5
19
1
35
1
14
30
6
7
3
32
4
19
1
52
1
19
13
58
19
41
1
6
10
36
17
3
4
13
5
16
7
21
1
19
17
3
5
3
31
19
40
2
39
1
3
7
7
2
1
7
15
3
12
3
3
1
12
5
37
21
69
1
20
7
3
13
15
7
21
7
3
1
20
18
17
1
1
1
1
17
2
5
5
1
3
1
5
9
5
3
24
21
3
33
5
43
7
3
15
1
42
13
1
46
1
4
5
1
6
15
19
7
29
15
29
11
14
7
13
21
21
9
7
7
1
7
7
1
7
11
6
7
1
1
3
1
7
1
1
37
31
30
21
28
3
7
1
1
45
1
7
7
7
1
1
1
7
1
3
2
3
3
1
16
15
17
34
15
7
44
19
21
9
3
3
37
1
9
19
1
11
13
3
1
5
4
29
3
7
19
3
3
30
7
14
7
21
11
44
1
4
17
13
18
7
1
3
1
3
28
9
2
2
10
19
1
21
17
3
11
20
13
1
1
23
15
1
5
35
1
2
3
13
14
13
1
1
5
7
19
11
7
2
30
3
1
1
9
19
21
15
3
12
3
13
13
7
5
16
13
7
5
3
21
29
11
21
7
23
9
15
5
13
7
26
1
2
7
1
5
3
5
9
3
3
44
41
18
14
1
1
14
7
8
3
3
11
37
21
1
23
