7
10
3
8
24
18
14
20
7
15
2
3
21
30
15
7
10
3
10
1
3
18
19
19
15
7
26
21
6
30
43
3
21
18
14
1
65
37
7
2
9
2
7
6
3
25
18
21
2
1
9
16
1
17
36
54
7
2
7
5
41
17
23
1
22
7
7
5
64
14
19
15
3
18
7
21
1
23
19
7
6
7
38
5
1
41
15
2
27
7
5
1
7
23
14
11
1
1
5
1
36
14
29
18
9
2
30
1
48
18
8
7
23
26
29
2
7
19
15
16
9
5
3
5
20
14
5
17
1
55
10
1
9
5
7
1
7
10
15
7
15
13
28
1
2
21
16
21
13
5
1
21
21
7
7
54
40
7
11
28
19
30
55
13
38
53
49
36
37
15
25
3
3
19
29
20
42
27
5
9
1
23
9
7
19
5
21
26
7
7
7
21
13
12
32
31
13
1
4
52
26
9
1
9
1
3
21
28
7
41
1
3
7
21
36
23
3
3
3
7
26
5
40
16
35
7
13
16
15
19
13
5
3
46
21
14
30
1
3
3
1
26
5
3
49
1
7
10
3
3
22
3
19
2
43
34
22
21
3
1
6
21
5
1
7
7
2
7
33
10
5
7
6
10
13
10
61
14
3
15
1
15
26
5
23
9
2
1
11
1
23
15
11
19
6
9
8
7
1
2
23
90
9
6
71
25
2
9
3
56
19
51
7
21
35
14
14
7
1
1
7
20
16
1
16
5
5
1
3
9
40
2
21
5
29
10
31
19
16
29
47
10
23
41
89
21
40
9
46
7
59
1
17
9
1
28
3
3
12
4
7
5
5
9
19
21
1
24
65
57
7
23
31
1
30
61
31
29
3
1
43
3
24
20
26
3
7
1
1
41
2
7
12
7
3
6
17
13
1
43
30
7
3
2
3
26
12
19
21
1
31
1
20
18
19
11
17
3
5
21
3
7
7
16
13
34
12
5
15
37
41
25
9
13
8
7
7
4
21
52
22
5
45
19
35
5
19
10
1
65
25
28
5
7
15
42
21
44
29
21
58
11
15
47
3
7
28
1
21
23
7
6
29
3
10
26
15
19
9
1
7
30
8
19
22
21
3
3
3
1
49
7
4
55
11
11
49
1
23
15
