15
7
19
7
3
7
5
7
1
3
7
3
1
2
7
6
18
6
19
23
1
19
26
29
3
1
1
1
15
5
3
1
5
18
3
29
4
1
15
19
3
3
14
7
7
1
14
3
3
10
1
1
1
3
1
11
5
3
1
1
2
1
1
9
7
1
3
1
3
5
9
22
7
13
1
3
7
3
7
1
5
18
6
1
1
15
13
18
1
11
5
15
1
3
3
1
1
1
1
11
8
18
1
7
3
7
7
1
3
3
10
1
3
22
6
5
3
5
5
13
2
7
10
1
3
6
3
2
5
1
15
3
3
1
7
15
7
9
5
5
3
29
5
5
3
3
4
1
7
5
5
9
1
3
5
5
5
9
3
3
3
19
7
7
13
1
1
1
13
4
10
1
5
1
19
7
7
3
2
3
1
18
3
7
6
1
19
7
7
3
1
5
3
3
21
1
7
1
3
5
3
5
1
3
3
5
7
7
23
16
7
7
3
7
23
6
1
5
15
15
1
18
1
5
11
1
9
1
19
1
9
1
23
7
7
3
7
1
1
7
1
15
7
3
3
3
7
9
1
5
1
1
9
3
3
5
5
7
15
18
1
1
12
3
5
1
7
1
10
7
28
10
13
5
3
5
3
1
3
17
7
13
4
1
1
7
5
3
1
21
8
15
7
7
3
3
15
3
29
3
3
7
1
1
2
30
5
5
17
11
7
7
3
2
11
2
1
2
9
13
7
3
3
11
7
5
3
1
3
1
3
5
1
5
9
8
15
5
1
1
1
13
3
1
2
1
5
7
1
1
3
3
1
5
3
19
1
7
8
1
7
1
7
1
1
5
1
1
1
1
5
11
5
1
3
19
10
3
1
27
2
1
1
5
1
9
5
5
3
19
1
3
1
5
2
3
11
2
1
1
7
3
1
10
2
1
1
5
4
13
5
1
5
14
8
8
7
18
7
1
15
3
19
3
18
5
3
7
1
3
1
7
2
1
1
8
3
9
14
3
1
7
6
1
1
7
1
3
2
1
7
5
1
10
15
1
7
1
5
1
1
7
3
7
5
2
7
2
7
13
1
15
7
5
1
3
1
7
15
1
23
14
3
1
9
1
1
3
7
4
5
14
7
1
1
19
3
7
18
1
