40
216
215
206
215
181
216
97
40
216
47
201
59
191
216
24
63
216
146
216
216
69
212
58
216
122
77
164
51
216
192
190
216
119
216
216
28
209
124
212
18
182
122
47
37
131
216
115
146
214
75
211
140
207
216
97
83
208
73
216
216
164
216
77
216
39
204
20
8
201
216
216
216
79
51
137
178
59
211
101
130
203
214
216
115
14
192
56
215
167
215
215
162
216
64
130
216
210
59
192
69
129
211
188
209
148
210
51
138
58
59
159
216
124
109
216
216
121
8
216
213
215
216
62
44
195
58
215
20
201
215
10
216
214
63
121
206
91
209
216
100
208
192
201
98
216
164
8
216
58
213
216
216
100
214
188
206
213
210
207
213
200
216
79
214
41
216
47
216
173
96
141
216
216
97
211
119
216
216
216
47
119
216
186
216
216
164
216
31
216
215
173
216
142
150
216
215
214
182
161
216
172
201
216
212
192
216
216
140
216
216
16
104
23
118
75
216
186
142
196
179
119
186
20
216
201
215
216
47
163
172
120
148
208
210
216
97
206
192
122
216
167
162
180
101
10
65
216
20
216
163
193
20
193
181
48
42
216
216
216
79
158
164
52
216
213
73
18
14
122
193
178
18
18
143
216
216
10
18
10
146
216
48
216
186
213
18
183
203
215
216
202
86
197
212
66
77
177
213
97
58
154
164
202
80
156
132
136
14
111
215
12
164
214
119
216
51
216
216
203
16
191
167
216
208
148
20
64
58
73
64
137
216
37
197
162
216
211
31
65
24
183
124
191
20
198
191
196
201
216
10
172
147
214
8
198
146
215
216
97
97
213
216
216
214
192
14
55
216
216
216
216
216
164
83
216
216
215
16
191
215
20
216
83
198
216
107
179
139
216
195
84
216
216
214
216
18
119
203
10
20
214
216
162
97
216
216
216
208
116
91
216
216
119
124
213
150
16
210
159
216
28
216
118
135
137
35
42
198
75
69
169
203
120
200
216
63
178
206
173
216
120
169
84
202
97
82
41
214
147
216
194
216
216
42
186
216
156
214
178
75
122
188
16
216
216
216
215
214
216
148
179
216
201
216
18
115
49
10
202
216
55
118
98
139
216
142
216
148
186
164
73
92
105
142
208
49
170
215
86
