14
60
102
86
69
26
84
104
12
85
8
85
112
90
119
37
116
111
107
88
114
30
1
60
18
16
57
27
72
31
51
90
80
66
2
56
83
84
12
92
95
61
43
16
22
24
31
21
103
103
47
112
3
71
74
105
25
73
76
27
39
124
43
50
103
69
98
19
10
66
120
62
21
120
116
40
32
46
83
102
62
31
64
57
95
0
71
29
92
3
25
23
95
61
117
70
86
87
20
107
63
17
68
105
33
32
96
67
98
47
90
15
7
66
6
4
107
124
27
62
5
37
59
32
32
68
18
102
60
14
10
124
14
43
70
11
45
28
106
99
31
80
44
56
49
48
39
119
112
6
1
94
96
89
60
22
79
31
16
43
76
45
123
78
4
50
39
95
42
110
100
80
43
72
41
120
86
70
119
18
71
108
116
64
63
53
118
72
111
94
115
4
58
70
64
29
87
76
51
107
121
97
70
70
2
27
66
103
60
42
36
93
19
86
83
119
5
76
99
54
19
43
114
83
17
34
15
64
58
12
32
65
68
36
106
105
65
96
41
53
22
101
18
92
85
103
49
53
33
54
55
49
55
43
119
26
5
42
110
85
18
124
54
66
75
22
41
67
8
36
96
62
23
81
62
107
53
62
120
17
113
48
77
109
19
9
104
39
48
12
49
55
15
17
25
31
51
62
19
86
119
39
15
82
116
22
81
20
45
118
65
108
30
60
4
48
93
116
27
116
35
75
17
80
60
15
11
12
76
9
109
90
67
71
24
50
29
61
45
111
83
119
13
31
91
47
32
124
10
9
69
113
62
22
70
117
65
5
17
53
25
114
117
112
59
20
