123
105
112
83
104
92
55
90
99
61
51
76
20
84
44
87
6
62
43
113
54
34
8
74
66
33
55
0
90
29
15
113
87
70
33
43
0
15
55
61
92
87
123
47
76
72
20
36
118
17
23
24
49
3
34
43
118
105
6
113
45
8
94
31
112
65
97
29
8
76
28
115
14
71
11
51
95
69
51
20
115
35
48
32
64
8
22
16
16
51
106
42
93
17
71
0
117
117
88
90
114
27
120
54
11
99
17
50
13
69
116
77
73
115
92
52
22
3
70
25
112
41
81
122
23
65
28
3
64
5
3
12
80
1
63
109
117
107
32
78
13
38
94
81
73
63
7
123
95
42
119
90
44
61
38
15
85
81
44
103
114
7
105
5
100
34
57
101
16
6
49
11
8
47
4
103
49
45
55
19
33
90
23
79
62
98
66
88
81
120
42
23
100
12
73
6
49
13
1
9
55
10
7
122
61
4
124
78
120
99
22
4
14
55
27
84
25
102
72
71
79
112
77
51
82
58
76
117
5
26
78
121
84
95
13
44
121
98
37
40
43
50
13
31
41
40
9
98
73
124
30
55
86
14
93
14
108
68
107
32
52
49
101
64
35
96
59
40
122
45
68
6
91
121
48
88
10
61
42
14
6
61
83
86
88
83
34
13
75
109
37
72
79
100
13
37
34
12
66
17
4
121
46
108
91
78
79
115
27
100
90
11
111
82
71
69
64
59
80
67
12
13
118
17
85
73
47
115
92
120
108
91
34
29
83
100
95
38
115
76
29
95
110
88
1
51
67
19
111
44
84
85
35
82
60
107
76
0
84
89
48
60
0
57
39
66
