84
132
72
159
239
194
222
173
290
325
268
20
323
101
146
168
80
107
96
167
38
27
254
150
256
121
126
230
323
20
43
298
111
78
264
223
99
140
170
142
285
262
284
211
288
328
258
69
312
270
269
283
65
273
225
254
64
156
290
262
65
219
300
325
88
122
190
3
2
121
147
152
17
271
232
9
41
11
33
328
187
95
170
91
9
204
60
312
165
98
25
189
176
284
58
325
279
229
204
115
188
173
286
263
158
299
85
62
113
174
119
232
145
189
198
100
233
142
326
340
160
153
253
284
76
200
316
332
339
236
155
341
114
102
42
17
236
120
251
319
280
14
211
218
286
74
182
146
145
193
88
54
83
325
10
329
321
273
31
6
143
297
11
182
65
245
41
130
40
162
252
204
134
10
11
186
295
70
270
285
265
136
34
172
107
220
175
13
63
314
170
340
272
29
122
323
316
11
122
200
279
98
200
123
241
46
218
275
128
56
52
152
252
278
42
211
312
297
209
69
201
222
98
259
188
174
46
227
238
197
315
43
154
111
73
9
219
146
204
14
331
64
181
109
212
137
259
83
237
21
100
74
20
76
303
59
207
286
126
183
292
310
245
176
29
311
26
194
20
47
317
148
15
326
135
224
278
123
107
184
150
229
21
208
330
68
265
35
342
13
333
260
95
32
217
302
306
147
83
123
268
242
176
54
153
140
205
109
79
89
47
221
90
208
267
30
320
135
47
212
215
232
301
170
234
27
29
159
217
133
299
157
100
47
113
328
140
71
257
216
212
257
103
151
47
70
53
104
273
49
56
273
277
340
260
158
61
46
293
281
69
212
84
278
134
216
281
189
41
26
44
172
221
73
147
215
279
151
159
190
191
208
254
62
233
213
168
53
87
324
105
6
19
257
224
147
202
147
215
205
272
26
73
31
56
107
202
253
332
26
73
237
79
239
269
112
270
324
287
38
310
257
6
214
184
186
126
158
142
285
171
22
77
263
292
175
112
41
230
20
161
203
260
183
219
254
15
265
218
187
92
135
271
169
142
204
316
49
298
51
49
252
84
86
250
139
61
336
166
160
290
16
83
175
270
45
252
209
114
241
228
41
79
48
