78
5
253
328
275
152
325
135
259
267
80
288
161
285
99
308
162
173
44
117
214
47
265
95
296
19
229
77
63
332
174
109
33
225
228
72
252
314
104
91
328
255
248
98
248
258
153
185
15
127
88
221
237
10
179
149
188
54
298
91
216
105
141
318
177
307
212
321
333
246
191
14
39
12
19
279
84
124
252
129
299
49
198
216
227
331
7
44
342
111
153
303
80
290
317
101
306
195
126
298
240
224
126
131
145
79
290
276
63
336
29
256
236
303
102
310
56
65
285
154
187
269
198
130
85
333
301
247
223
241
158
248
109
45
196
136
259
115
91
70
301
23
235
145
32
94
92
157
281
268
300
312
309
223
337
122
194
1
235
28
146
305
146
301
212
115
1
36
325
124
123
43
73
278
0
95
48
94
76
94
39
72
176
241
186
185
111
114
307
2
203
253
276
253
289
185
268
222
238
50
311
190
34
49
57
92
311
330
308
333
35
97
218
252
166
202
89
184
142
119
31
0
270
333
13
282
276
120
192
290
168
319
309
35
217
236
307
145
323
119
255
77
257
19
196
337
297
299
250
168
295
179
285
109
266
172
102
311
91
270
253
146
101
169
286
2
100
119
248
75
36
34
279
318
243
151
95
114
168
221
137
63
77
168
97
276
320
137
339
206
87
124
61
242
9
171
319
314
150
137
195
47
300
269
175
128
116
254
342
241
143
179
49
313
27
280
142
12
305
315
279
35
168
326
100
134
298
21
15
44
260
307
125
263
300
25
48
164
147
203
82
305
288
0
25
223
205
234
83
210
246
111
309
324
214
76
82
195
207
13
227
272
187
135
86
125
28
62
292
63
182
68
199
188
26
244
56
134
30
18
14
249
11
10
289
44
206
278
170
99
238
13
63
319
226
214
197
293
338
88
234
133
185
76
72
143
1
85
251
60
310
180
210
86
319
230
320
330
299
154
137
22
147
49
62
226
23
240
108
182
146
306
324
17
274
140
91
329
220
52
26
259
114
227
209
228
76
218
210
204
28
213
198
134
285
246
87
51
128
277
24
135
6
142
87
28
124
180
128
104
103
212
244
335
338
191
291
318
341
63
211
22
42
260
