78
5
275
152
325
259
267
80
288
285
99
162
173
117
214
265
95
296
19
229
77
63
332
174
109
228
72
252
314
104
328
255
98
248
185
15
127
221
179
149
188
298
216
105
141
318
307
212
321
333
246
12
279
124
252
129
49
198
216
331
7
44
342
111
80
290
306
195
126
298
126
145
276
63
336
29
256
236
303
310
56
285
154
187
269
198
130
85
333
247
241
158
248
109
45
196
259
115
91
301
23
235
145
94
157
268
300
312
337
122
235
28
146
305
146
212
115
1
325
124
123
73
278
0
95
76
94
39
72
176
241
185
114
307
2
203
276
253
289
268
238
311
34
49
57
330
333
218
166
202
237
89
184
119
31
333
13
282
276
120
284
290
319
309
35
217
236
145
119
257
19
299
6
250
168
109
266
172
311
91
270
253
146
101
169
286
2
119
75
279
318
151
168
221
137
63
307
168
97
276
320
137
339
206
124
61
242
9
171
319
330
150
195
47
300
269
175
128
116
254
342
241
143
179
49
313
27
280
142
12
315
279
35
168
100
134
131
21
15
44
260
300
48
164
147
25
223
205
83
210
324
214
76
82
195
227
272
187
135
86
28
62
182
68
199
188
244
56
134
14
249
10
289
44
206
278
170
99
238
96
13
63
226
214
197
293
338
234
76
72
143
166
85
251
60
16
86
320
330
299
154
137
22
240
108
182
146
306
274
91
329
220
259
114
227
218
210
204
28
213
198
134
285
246
51
128
24
135
142
87
28
124
180
128
104
103
244
338
191
291
318
341
63
211
22
42
260
