84
132
239
194
222
290
325
268
20
101
146
80
107
167
38
254
150
256
121
126
230
323
20
43
298
264
223
99
140
170
285
262
211
288
69
312
270
283
225
254
64
290
65
219
300
325
122
190
3
2
121
271
9
11
33
328
95
170
91
204
60
312
165
98
176
284
279
229
204
115
286
158
62
113
174
119
232
145
189
100
233
326
340
160
153
253
284
76
200
332
236
155
341
114
102
42
236
120
251
280
14
211
218
74
146
193
88
54
10
329
31
6
143
297
11
65
245
41
40
162
252
134
10
11
186
270
285
265
136
34
172
220
13
63
314
170
272
29
122
316
122
279
200
123
241
275
56
252
42
211
20
312
297
69
201
259
188
174
46
227
98
197
43
154
111
73
9
146
14
181
109
83
191
237
21
76
303
59
286
126
183
292
310
245
176
29
311
194
47
15
326
224
107
184
150
229
2
208
330
68
265
35
342
13
260
95
32
217
302
306
69
83
268
242
176
54
153
140
205
109
79
89
47
221
90
208
267
30
320
135
212
215
232
301
234
27
272
159
217
133
299
113
140
71
257
47
70
53
273
49
340
260
158
61
46
69
212
84
278
134
281
189
44
172
221
73
215
279
151
191
208
62
233
213
168
53
87
324
105
69
6
19
224
147
202
147
215
272
31
56
107
37
253
332
26
249
239
270
324
287
38
310
257
158
142
285
171
22
292
112
41
230
203
260
183
265
218
187
92
135
271
169
142
204
49
298
49
252
86
250
139
61
336
166
160
290
83
270
45
252
209
114
241
228
41
79
48
