0 4 5 8 9 16 17 22 24 42 57
1 6 22 23 25 26 27 37 38 39 42 43 46 58 59
2 3 6 7 11 18 22 23 27 35
3 2 7 22
4 0 5 8 9 24 25 28 57
5 0 4 9 10
6 1 2 7 11 19 22 23 27 31
7 2 3 6 11 22 27
8 0 4 9 24 28 44
9 0 4 5 8 10 14 24
10 5 9
11 2 6 7 14 27
12 13 30
13 12 29 30 31 45
14 9 11
15
16 0 17 18 20 32 33 40 53 57
17 0 16 18 22 32 33 34 53 57
18 2 16 17 22 34
19 6 23 35 38 39
20 16 40 41 53 57
21 23 26 37 42 43 45 46 58 59 62
22 0 1 2 3 6 7 17 18 25 38
23 1 2 6 19 21 27 31 35 39 59
24 0 4 8 9 28
25 1 4 22 26 30 31 42 44 58 61
26 1 21 25 27 30 31 37 42 46 58
27 1 2 6 7 11 23 26 30 31 38
28 4 8 24 44
29 13 45 62
30 12 13 25 26 27 31 42
31 6 13 23 25 26 27 30 42
32 16 17 33 53 57
33 16 17 32 53
34 17 18 35
35 2 19 23 34
36 37 38 42 48 52 56 58 61
37 58 1 21 26 36 38 42 54 59 61 62
38 1 19 22 27 36 37 39 42 54 58 59
39 1 19 23 38 43 55 58 59
40 16 20 53 57
41 20
42 0 1 21 25 26 30 31 36 37 38 46 54 58
43 1 21 39 46 47 55 59
44 8 25 28 61
45 13 21 29 46 60 62
46 1 21 26 42 43 45 59 62
47 43 63
48 36 49 50 54
49 48 50 54
50 48 49 54 55 58
51
52 36
53 16 17 20 32 33 40 57
54 37 38 42 48 49 50 55 58 59
55 39 43 50 54 58 59
56 36 58 61
57 0 4 16 17 20 32 40 53
58 37 1 21 25 26 36 38 39 42 50 54 55 56 59
59 1 21 23 37 38 39 43 46 54 55 58 62
60 45
61 25 36 37 44 56
62 21 29 37 45 46 59
63 47
