15
22
17
14
19
6
19
1
3
23
10
8
22
13
24
20
26
11
5
4
14
19
15
16
16
24
19
18
22
19
11
20
10
9
19
22
11
3
23
18
9
11
18
9
11
3
6
23
4
16
10
16
20
8
26
18
19
13
3
9
16
4
15
26
18
20
21
16
31
6
7
29
10
1
15
16
9
6
25
40
20
11
6
13
5
20
9
10
12
5
5
29
4
16
18
31
11
22
12
11
18
15
22
11
9
2
20
11
6
13
18
19
6
19
17
5
29
89
9
15
10
17
22
7
9
19
6
1
6
14
11
7
24
7
3
21
14
21
15
10
15
8
16
7
23
30
13
23
2
20
23
4
7
8
15
27
7
27
16
38
8
5
22
12
26
21
22
16
11
10
31
18
1
2
18
13
31
18
24
22
21
22
14
7
23
14
11
8
58
3
6
9
19
2
28
6
7
8
6
2
18
4
14
19
20
16
28
8
24
21
5
7
6
5
17
7
13
11
9
13
11
13
14
9
20
6
4
5
3
21
19
4
15
4
4
16
8
4
20
13
11
1
17
26
13
19
10
4
6
46
10
25
9
21
20
11
18
16
20
3
8
27
15
12
18
36
6
2
9
10
10
10
7
18
9
2
14
5
15
4
23
2
8
18
9
9
3
33
18
11
28
44
4
10
21
13
10
16
11
18
7
13
15
21
16
22
20
13
15
14
13
5
10
13
7
17
25
22
20
9
23
29
1
24
46
16
7
3
10
26
3
23
24
27
5
19
9
22
16
23
9
21
12
21
18
4
4
17
8
18
2
35
31
15
12
21
5
23
13
11
20
17
19
3
18
16
11
28
29
18
18
16
8
6
25
7
14
13
1
19
5
19
29
12
7
25
13
12
15
13
6
3
14
16
9
29
10
3
26
8
10
5
9
20
31
4
9
8
16
13
19
30
17
10
15
8
15
18
21
24
20
24
25
9
7
14
2
5
17
7
19
17
9
22
5
23
6
6
1
5
13
25
19
7
46
6
2
20
6
3
29
5
6
21
17
22
21
5
20
18
5
4
11
4
20
10
20
20
26
16
22
24
10
21
3
16
22
22
23
10
16
16
5
21
5
12
18
15
16
16
29
18
29
23
41
11
13
5
13
6 
