8
6
3
14
7
15
30
2
29
17
17
20
18
30
23
27
52
28
18
21
37
18
21
15
14
17
16
2
2
13
4
2
19
24
13
31
19
15
3
15
9
16
1
16
3
17
13
14
6
21
13
9
17
21
27
2
20
7
15
4
26
8
17
3
11
21
9
9
11
12
20
23
12
9
22
21
8
21
5
11
18
5
6
13
23
6
15
8
25
7
21
20
7
33
13
18
4
9
12
18
17
6
19
23
14
6
8
9
10
2
21
10
1
18
20
10
25
20
18
19
21
2
15
25
17
11
19
39
14
10
20
29
7
27
3
10
24
11
3
13
6
28
3
17
12
16
6
20
20
5
12
8
16
7
22
11
23
10
1
7
19
24
20
2
13
20
6
12
19
18
12
7
17
19
7
26
9
13
10
17
4
6
17
5
2
16
11
14
9
22
20
8
4
24
18
26
5
16
14
6
8
17
29
10
23
33
8
7
9
42
34
11
5
19
10
9
22
12
11
6
19
12
24
18
19
18
9
20
4
31
6
38
7
23
23
4
24
25
11
17
9
10
17
6
19
31
6
24
13
25
25
4
49
14
22
19
3
2
10
5
54
20
15
7
24
20
5
3
31
24
19
4
10
20
9
22
3
12
17
14
3
4
11
17
8
24
15
16
5
29
3
6
20
10
10
4
17
23
16
10
8
7
19
6
24
18
14
10
26
22
7
31
19
15
5
22
14
29
15
21
23
19
8
5
34
8
3
10
18
7
6
18
8
20
5
28
22
10
8
31
19
2
4
8
11
29
3
10
15
4
18
15
7
9
24
15
17
18
13
28
23
25
18
18
5
20
25
7
14
14
45
3
24
21
3
4
21
10
19
14
3
5
16
12
9
5
26
13
21
22
6
20
6
9
6
18
12
10
26
9
17
6
23
9
11
7
9
22
16
22
19
18
27
3
10
17
22
31
17
19
15
18
16
21
7
7
9
19
19
20
15
13
13
13
10
7
15
10
16
17
5
10
29
27
11
21
24
16
22
25
9
13
10
19
15
10
12
6
21
27
20
1
11
8
14
4
7
11
5
21
24
23
28
25
4
15
49
15
8
5
8
7
8
9
23
29
23
3
17
24
14
18
18
16
20
3
22
12
8
11
