16
171
48
87
209
2
150
147
133
81
86
61
203
121
158
83
175
38
118
134
113
209
17
105
106
215
70
204
148
61
64
106
161
82
61
99
200
124
6
91
158
148
5
154
6
39
39
32
53
20
212
154
94
207
210
1
101
35
212
46
105
61
150
189
205
178
180
71
72
210
179
126
68
157
159
1
202
176
94
74
61
155
178
112
51
101
56
59
95
211
72
52
210
95
90
16
86
203
90
62
196
214
28
109
184
208
195
8
142
16
46
99
70
164
75
20
3
45
211
9
170
114
150
72
105
15
118
35
97
131
137
15
44
150
177
187
42
94
127
19
83
154
76
150
47
211
59
147
145
143
208
99
190
94
182
204
155
178
211
207
46
212
171
61
93
105
75
145
83
94
116
28
65
77
70
89
63
137
107
178
33
95
195
157
156
138
174
99
136
188
128
28
53
152
117
13
82
45
199
79
48
169
96
68
68
167
87
39
136
161
203
160
185
97
17
26
7
160
205
136
88
155
187
128
177
146
32
215
1
81
3
73
10
58
59
152
69
185
155
82
9
16
77
152
127
180
111
120
117
186
30
54
122
7
8
98
103
89
9
159
118
19
170
89
27
212
183
187
143
152
129
122
109
97
198
110
142
0
112
21
10
78
127
77
125
149
158
122
31
133
39
24
136
184
137
168
4
82
178
33
28
169
45
11
201
56
77
37
92
26
184
59
13
63
130
151
213
1
30
179
214
30
20
210
27
42
100
190
138
98
58
31
78
194
209
206
202
40
120
125
103
215
3
183
75
178
29
198
2
152
164
29
33
197
167
71
188
121
84
172
73
178
45
118
98
166
187
199
161
9
106
157
132
206
52
18
122
5
32
84
117
67
192
197
40
70
0
20
191
183
214
144
142
178
206
4
9
125
23
81
161
43
116
173
171
9
40
91
31
13
203
68
86
121
11
58
164
118
76
198
89
199
144
86
48
123
141
51
81
196
167
97
186
129
9
119
73
206
146
113
56
175
17
86
91
6
125
17
114
93
126
124
66
111
109
66
195
143
45
60
201
106
18
38
22
192
107
157
111
29
132
45
12
155
71
85
164
113
131
91
62
193
163
26
165
89
188
112
210
187
110
92
69
168
145
166
168
95
196
120
