168
99
188
95
164
172
84
204
47
112
31
3
90
8
163
55
44
81
138
86
7
47
5
52
172
214
157
198
91
140
133
9
35
111
176
148
212
179
62
111
190
118
117
104
112
6
104
27
46
49
190
21
95
15
125
22
157
87
184
92
107
98
62
171
71
39
31
111
165
184
72
105
85
86
192
91
111
4
176
67
17
25
197
8
94
25
31
123
84
51
1
108
152
10
59
76
139
138
71
136
147
70
11
175
209
146
124
96
109
46
211
112
41
169
93
62
171
48
26
157
5
194
82
21
80
128
82
211
139
202
206
130
187
5
145
56
12
198
30
83
125
172
112
170
117
4
31
44
95
2
107
42
1
1
39
57
215
167
121
158
179
83
81
34
23
176
181
133
214
109
180
5
175
78
138
36
126
92
134
15
157
169
78
88
92
128
114
39
127
91
48
48
55
176
207
44
35
57
101
39
18
51
29
156
203
144
177
76
125
184
89
40
116
3
5
203
57
183
165
91
204
134
16
144
79
90
20
197
145
100
186
160
181
32
70
213
15
25
181
169
214
12
140
52
147
199
38
71
39
96
147
107
109
34
148
118
177
34
209
151
74
4
147
47
125
87
22
6
13
109
14
3
104
5
186
31
16
212
58
188
3
52
96
102
214
206
212
9
183
85
8
58
53
37
171
156
116
123
112
213
203
140
86
210
102
211
0
124
178
78
147
70
34
162
132
117
40
107
8
188
22
111
74
133
170
96
209
202
52
167
155
177
19
68
63
115
161
188
196
8
129
195
99
171
31
94
169
185
179
154
35
182
127
210
23
101
36
113
27
119
122
214
48
12
141
177
195
105
75
80
11
165
63
41
215
135
164
13
149
127
196
208
156
65
165
154
41
101
110
8
55
161
135
157
3
208
133
75
124
159
97
2
34
30
138
202
75
73
139
214
108
4
76
50
154
191
144
56
182
193
166
20
52
172
209
24
101
54
11
57
86
3
115
7
142
109
131
70
20
166
156
18
24
82
196
50
197
20
174
10
88
25
64
139
146
81
187
148
208
38
13
117
115
89
176
152
53
41
40
182
58
182
156
47
7
49
23
177
135
128
42
73
158
175
56
71
70
81
34
121
161
42
194
28
186
105
101
42
