2
3
1
3
2
3
3
11
2
3
9
3
2
3
1
3
3
12
7
3
2
7
2
3
3
3
3
10
3
6
1
2
2
3
3
8
3
2
7
3
3
3
3
6
1
3
7
2
3
7
3
3
3
3
1
2
7
8
7
3
7
3
3
3
5
4
3
1
3
2
3
7
7
3
3
1
7
3
2
8
3
3
12
3
2
9
3
6
3
1
3
3
7
12
2
3
3
11
3
2
3
8
3
3
5
2
6
3
11
2
12
3
3
3
10
3
3
2
3
3
3
3
5
2
7
2
3
3
2
2
2
3
3
3
3
3
2
3
3
3
3
3
7
10
8
7
3
7
1
3
3
2
2
3
5
3
3
10
6
3
3
3
3
1
7
6
6
9
2
3
7
2
2
5
3
3
12
3
2
3
2
7
6
3
3
3
3
6
2
3
2
8
3
6
9
8
3
3
7
3
2
2
3
2
3
3
3
3
11
3
2
2
3
7
3
1
3
3
2
3
3
3
3
2
11
3
3
3
1
2
3
3
2
2
5
2
3
3
3
7
3
3
1
3
4
1
4
12
3
3
3
2
3
2
1
3
3
1
20
3
2
2
2
2
10
4
3
2
3
2
3
3
3
2
6
6
3
6
3
3
2
3
2
3
3
3
3
3
3
2
3
3
3
3
3
3
3
3
7
3
7
2
6
2
3
5
3
5
2
3
22
1
3
2
3
3
3
1
6
3
3
2
3
2
3
2
2
3
7
3
3
3
3
3
3
3
5
3
2
6
7
3
2
3
3
7
3
2
3
12
3
3
3
2
2
2
1
6
3
3
3
3
2
3
12
3
2
8
7
3
6
2
3
3
3
5
8
2
2
3
3
2
3
2
3
2
2
3
3
3
2
7
2
2
3
3
3
3
2
2
3
7
5
3
2
3
3
3
3
2
2
2
3
3
12
3
3
2
3
3
2
3
2
3
3
3
11
11
3
6
3
7
1
11
7
3
3
3
3
2
7
3
3
3
3
3
3
5
3
3
2
3
3
3
2
2
1
2
3
3
6
6
3
2
3
3
3
7
3
14
