10
22
20
7
4
25
7
1
25
17
13
41
24
12
2
43
7
6
28
12
37
1
4
24
5
18
3
2
15
8
4
8
27
18
44
13
48
11
14
31
11
19
3
4
22
14
21
3
13
20
1
12
16
5
10
10
6
11
17
21
13
22
9
3
25
11
2
21
12
33
13
24
15
10
2
12
39
7
14
13
11
55
10
13
42
13
29
13
4
8
6
12
8
10
30
2
28
10
14
32
3
10
9
8
17
14
29
17
11
32
34
33
9
12
15
11
27
25
10
32
9
33
55
13
41
5
7
13
22
25
41
17
8
12
9
2
7
7
9
11
46
6
2
8
24
15
39
37
2
12
7
39
18
25
8
22
29
4
6
35
16
25
11
30
9
26
9
11
56
27
8
20
24
6
16
7
29
24
8
10
7
9
13
16
21
27
8
7
16
12
8
24
24
28
11
17
41
20
36
21
10
46
29
33
10
17
13
2
3
19
10
27
3
3
6
19
8
30
11
28
9
19
10
7
11
8
10
35
12
9
8
9
7
22
5
2
29
20
39
24
20
15
9
1
32
34
8
19
45
27
37
13
12
36
5
2
39
13
8
55
32
32
9
29
20
21
47
5
5
8
11
21
41
4
16
10
34
16
11
12
7
22
14
22
20
26
34
9
24
25
24
28
44
4
19
7
23
23
5
9
31
23
6
8
4
20
33
9
11
3
39
8
4
36
11
11
12
20
19
28
42
21
13
17
6
24
28
16
13
4
11
4
36
31
31
8
16
35
5
49
8
5
16
34
11
20
28
17
15
9
14
10
31
23
6
17
13
20
32
16
7
14
21
12
3
17
8
19
7
8
1
29
7
5
3
9
3
13
27
28
6
7
4
24
18
1
11
14
42
5
10
10
17
11
36
12
8
9
39
7
11
8
26
3
3
47
5
11
10
7
7
34
33
22
33
25
2
26
17
41
2
2
31
17
21
2
11
17
11
26
16
30
3
2
16
23
21
40
3
53
29
15
18
8
6
2
4
4
11
17
15
10
4
34
5
28
3
9
6
22
3
4
40
5
10
41
14
21
14
15
12
14
1
35
23
9
6
31
42
2
8
34
3
9
35
11
10
4
13
9
2
29
25
17
12
3
4
27
7
10
