16
11
10
3
22
1
1
17
10
38
8
35
29
16
34
10
10
35
28
17
7
36
26
1
8
26
4
45
5
19
15
57
29
10
40
32
40
34
2
32
31
19
1
35
9
20
5
44
38
31
24
43
10
23
13
6
34
27
4
10
7
6
6
27
39
20
13
33
7
23
31
20
18
17
21
55
15
3
4
28
1
8
18
21
11
44
9
9
15
9
9
10
5
11
14
11
12
14
36
34
13
59
3
42
56
25
14
35
8
42
3
5
47
2
13
22
27
8
40
12
3
14
37
35
28
8
41
23
9
7
15
9
32
39
40
21
7
11
11
9
4
11
20
12
10
45
24
3
26
25
8
34
52
9
8
17
9
10
25
7
4
8
23
25
6
16
9
7
21
25
13
19
42
4
33
5
21
18
45
8
20
5
15
4
16
27
39
6
6
4
16
9
39
12
34
43
13
15
16
28
6
23
5
3
32
3
28
3
15
4
53
11
9
18
47
10
13
24
39
9
4
41
40
6
21
1
7
10
14
20
11
6
28
9
10
36
32
6
36
24
13
28
6
32
18
6
10
14
31
9
38
13
16
5
11
12
58
25
17
4
4
35
9
39
25
19
13
8
1
13
13
12
17
21
14
36
7
18
10
1
20
7
25
23
44
11
3
45
30
7
24
12
6
14
9
32
15
12
48
32
14
1
33
33
19
7
11
6
29
17
6
13
5
38
9
31
35
25
3
14
14
55
13
30
29
7
43
39
8
3
9
24
41
10
18
36
42
11
11
8
26
41
27
16
24
11
55
1
13
16
24
22
13
10
11
31
43
9
34
20
9
7
22
5
5
22
28
38
4
12
15
21
26
6
59
34
10
34
13
13
12
12
9
9
56
6
11
18
19
14
5
8
21
9
18
16
11
16
30
38
15
28
19
4
40
32
10
35
53
19
8
47
47
27
23
3
42
13
46
32
12
32
42
9
3
24
10
41
8
10
20
7
11
37
46
14
3
37
37
33
8
33
48
47
21
12
8
23
57
3
5
7
6
7
29
13
26
22
38
10
5
5
38
8
4
9
17
3
16
3
12
32
35
11
15
30
12
20
20
24
24
4
7
21
15
31
26
8
13
18
45
3
47
5
1
11
13
2
7
37
