3
3
9
8
2
8
3
6
3
9
2
6
3
3
6
3
3
3
3
3
6
3
3
3
2
12
3
3
6
2
3
3
2
2
1
11
3
3
3
3
2
3
1
2
3
3
3
10
11
3
3
3
1
6
6
6
3
7
10
3
2
6
3
2
3
3
2
7
3
3
3
3
3
2
2
3
3
2
3
2
3
3
7
3
9
5
10
2
6
7
3
3
3
8
3
2
3
3
3
3
3
3
3
3
3
5
2
3
7
7
3
3
3
3
2
2
3
3
2
3
2
3
3
3
3
3
2
2
3
2
3
6
3
3
1
1
5
3
3
2
6
3
2
3
2
5
3
3
5
3
2
3
2
3
1
3
3
2
3
3
2
4
3
12
11
2
3
6
3
3
5
3
3
2
3
3
3
3
2
5
2
3
1
2
6
3
3
3
3
6
1
3
3
3
3
3
3
3
1
3
3
3
3
3
2
3
3
2
8
9
2
3
2
7
2
2
7
3
2
3
5
3
1
3
1
3
6
7
6
6
2
3
1
3
5
3
3
2
3
3
2
3
2
2
2
3
11
3
3
3
3
3
3
10
2
2
3
3
3
7
7
3
9
7
3
3
15
3
2
5
3
3
3
2
2
3
9
1
1
7
3
2
3
3
3
3
3
2
3
7
6
3
3
2
3
2
7
3
10
3
3
3
3
3
1
3
3
1
4
2
5
3
1
3
6
1
2
3
6
3
3
3
7
3
2
3
3
3
8
3
3
4
7
3
3
3
7
3
7
3
3
3
6
3
3
3
3
8
3
3
3
3
3
3
3
3
7
3
12
3
6
3
2
5
2
7
3
3
2
3
2
3
2
2
2
3
2
3
3
3
3
12
3
3
7
5
3
3
10
4
10
7
3
8
2
3
3
11
7
7
3
7
5
6
2
12
2
3
3
3
1
7
3
3
3
3
2
2
3
2
3
8
6
3
3
2
3
5
3
7
6
6
3
2
2
3
9
7
2
11
3
2
3
6
3
2
3
3
2
2
3
3
1
3
6
3
2
3
2
3
1
1
3
6
3
3
8
3
6
3
5
5
6
3
3
1
3
7
7
2
2
3
3
3
3
6
3
2
1
3
2
3
3
6
2
10
8
3
5
8
3
7
3
6
3
2
3
2
2
2
3
3
3
6
2
3
3
3
7
3
2
3
2
9
3
6
1
3
3
2
2
3
3
3
3
6
2
11
3
3
3
3
3
2
3
13
3
2
9
3
3
3
2
25
3
3
6
6
3
8
5
7
2
2
3
3
3
3
2
7
2
6
7
3
5
