5
8
11
15
3
6
11
9
20
16
6
38
29
21
7
2
5
20
31
9
28
20
7
7
18
4
25
29
14
1
22
24
9
22
7
28
7
17
13
5
14
29
8
23
16
18
7
32
12
9
10
22
8
7
13
5
22
5
3
25
3
23
19
4
18
19
20
24
13
4
8
26
10
5
8
17
4
4
19
11
24
9
6
8
5
5
10
6
44
4
29
14
16
8
13
11
19
8
20
18
10
10
1
39
7
20
13
22
9
4
4
4
1
17
14
14
5
8
12
23
9
15
11
22
33
8
19
19
5
4
4
20
39
18
17
17
1
21
7
8
6
18
6
18
13
14
1
8
22
5
5
18
22
16
7
41
17
5
6
25
20
10
17
17
21
8
12
28
29
41
5
16
9
21
29
1
4
7
11
7
12
26
9
15
18
7
12
21
10
5
26
32
15
17
8
17
43
4
23
17
19
22
22
7
12
5
5
25
17
21
35
10
17
22
19
3
9
12
5
20
4
11
13
24
27
7
16
14
7
15
19
32
7
18
8
25
6
15
2
20
17
18
7
18
26
7
32
17
32
12
4
20
6
23
3
5
7
22
15
13
29
13
7
8
12
23
19
7
5
19
13
26
13
16
13
31
21
22
16
5
26
5
16
18
7
7
5
11
10
25
24
12
19
25
26
12
13
16
18
19
19
31
11
26
20
7
2
3
14
18
6
7
15
7
23
6
16
5
8
31
3
19
17
9
19
5
17
10
16
4
5
24
13
18
14
15
7
19
19
25
41
23
7
16
32
15
28
8
24
6
20
23
12
8
5
20
9
6
27
18
6
17
16
14
19
3
30
21
12
24
2
15
10
21
28
4
22
16
21
20
20
11
15
7
19
19
14
6
15
15
2
5
6
17
8
17
9
22
13
8
33
7
10
14
22
8
18
17
5
20
6
8
8
18
15
19
23
15
2
3
9
13
15
5
2
23
5
13
22
7
12
16
2
1
17
19
19
18
40
19
23
2
9
26
13
6
23
24
16
8
8
8
21
14
21
21
35
5
16
4
17
41
6
15
20
10
1
6
8
7
9
23
23
6
22
1
4
33
9
7
19
22
6
26
22
5
9
21
9
10
7
18
28
44
12
5
9
6
20
16
