[ 0.36331115 -0.05432131 -0.26295172  0.20056219 -0.26769648 -0.01357943
  0.0752502  -0.17429604 -0.36076369 -0.22762008 -0.27304967 -0.15991849
 -0.26836837  0.08581756  0.03717032  0.04774386  0.27331814 -0.11513166
 -0.01919739  0.15036561  0.14625324 -0.00526107  0.31927903 -0.09444884
  0.14251989 -0.06980199 -0.0812433  -0.3565439   0.17298947 -0.14666602
  0.22247001  0.04508969 -0.33164326  0.17884825 -0.24863389 -0.04888281
  0.04633089  0.38882707 -0.08521765 -0.26100042  0.1745861  -0.09690334
  0.00387115  0.29140744 -0.02332364  0.07313371  0.20849604  0.25279475
 -0.22423605 -0.11417769  0.46076189 -0.50101983  0.17529563 -0.20872905
  0.21173122  0.17596251  0.43712856  0.46567887 -0.079946   -0.10774603
 -0.37024944 -0.1981743  -0.01850805  0.2206268 ]
[ 1.69983258 -0.94291079 -1.68664175  0.95545705 -0.55122231  0.56061094
 -1.23640821 -1.29533928  1.29073646 -0.00633867  0.62702791  1.88965113
  1.05317691  0.20799909 -1.12775631 -0.02223339 -1.24124104  0.14120303
  1.97996172  0.61095188  0.86547847  0.24008906  1.34687533 -0.9351616
  1.22951644 -0.36401864 -1.0801413  -0.45527338  1.29806693  0.89548218
 -0.35331469  0.9907553   1.50131302  1.32027566 -0.47219743 -0.98999777
  0.20055696  1.45420808 -1.04099501 -0.45145949  1.20135801 -0.97395688
 -0.46859615  0.60145823  0.19191697 -1.33111699  0.35791691 -0.35322362
  1.95358324  0.25350597  0.41020779 -0.55853971 -0.45234675  0.06188903
 -1.12719753  0.34175223  0.39006136 -1.15829822  0.84942336 -0.56835835
  0.0134527   1.41119476 -2.29072189 -0.72562452]
[-0.68531596  1.29958611  2.25108061 -0.64773802 -0.27462271 -0.82138924
 -1.85618186 -0.05318422  0.09503211  0.31540012 -0.00929108 -0.02688046
  1.01620918 -0.22507892  0.64179418 -0.96230766 -0.03675344  0.98608691
  1.55978795 -0.55004866 -1.2699346   0.06185906 -0.4343512  -0.19351522
  0.03845043  0.89863846 -1.80757045  0.38856421  0.80602094  1.90125583
  0.23009573  0.42511756 -0.72550948 -1.16855855  2.0736314  -0.58979395
 -1.4941387  -0.18629134  0.84485532  0.26484273  0.89478728 -1.96656731
 -0.85431561  1.47263252 -0.88194981 -0.44561355  0.02417905  0.36167914
 -0.54931643 -0.08257045  1.75433922 -0.41484484  0.89722322 -0.23414309
  0.14284265  0.60767697  0.93510104  0.11670778  0.91653079  0.22060048
 -0.46131413 -2.18894998 -0.83372794  0.59869236]
