[ 0.13891389  0.03084476 -0.06007678  0.01332482 -0.17088949  0.07985064
 -0.00874271  0.09760493  0.16488877  0.17118889 -0.35684008  0.00202126
 -0.31954569 -0.14240484 -0.20663731 -0.28195015 -0.11601532  0.25385312
 -0.19412909  0.22650755 -0.03457956 -0.01656306 -0.1506676   0.43324538
 -0.05463689  0.0288754  -0.40099838  0.1984197  -0.08733058  0.24269851
 -0.14482536 -0.07643005 -0.30688044 -0.14861282 -0.31265853  0.22228822
 -0.0139956  -0.46072388 -0.00838758 -0.25001155  0.14411515  0.04435964
 -0.15128674 -0.23034431  0.03518294  0.09707959 -0.22450439  0.08569837
  0.14826517 -0.04842305  0.11560531 -0.14704993  0.25055576 -0.13758781
  0.07273887  0.1653975   0.17963654 -0.27560524 -0.15903091  0.00226918
 -0.32388219  0.0364356   0.26872719 -0.11565617]
