61
210
47
281
181
44
193
134
67
78
239
157
13
137
21
70
86
271
268
174
112
24
342
339
228
164
293
217
58
111
57
95
7
63
92
211
29
295
186
78
164
89
63
182
3
240
76
61
122
228
18
117
29
40
342
292
201
74
216
270
149
322
137
87
263
257
62
264
72
256
318
75
330
49
6
335
244
205
90
227
251
2
87
291
89
179
226
233
45
80
60
67
275
12
184
47
228
312
335
80
55
258
48
188
13
167
107
230
36
217
336
298
136
163
331
58
2
338
44
276
117
45
135
94
98
214
125
223
43
292
53
33
218
179
223
15
275
60
36
103
328
0
282
237
148
189
230
43
159
192
185
312
116
282
126
266
250
155
236
230
101
220
279
134
183
313
300
311
300
81
292
160
183
21
244
342
22
272
283
35
168
11
323
190
299
245
331
216
182
271
61
73
273
300
299
147
311
134
335
70
250
112
31
43
97
190
227
193
242
164
312
287
49
287
236
134
190
146
27
251
5
310
34
44
279
204
254
309
290
268
108
245
79
206
175
7
221
265
1
219
330
17
286
115
247
207
49
272
41
85
292
47
311
95
45
23
37
202
307
74
93
85
136
332
273
236
311
158
271
288
53
125
327
87
200
206
156
287
153
226
117
308
72
79
150
150
261
116
135
41
19
225
254
84
227
72
166
180
95
44
327
66
102
339
111
216
324
238
43
307
279
273
307
231
338
246
136
3
313
119
185
58
291
68
108
164
306
162
269
289
63
145
290
1
51
185
53
54
258
9
271
116
92
140
249
84
329
238
269
268
319
151
139
109
153
126
112
72
267
313
93
151
241
119
47
274
181
315
62
307
257
13
142
318
112
89
188
105
44
12
5
316
233
115
120
67
267
106
68
120
178
247
191
210
45
146
174
97
22
199
311
319
46
209
325
99
189
241
317
199
306
270
78
36
54
237
51
264
87
224
12
279
209
339
192
23
70
300
193
162
202
259
27
239
70
191
102
180
298
154
30
303
55
312
274
188
321
146
326
273
326
65
176
270
251
319
155
84
141
246
255
151
104
12
51
222
106
159
159
105
48
280
271
110
330
290
187
83
96
296
23
106
267
126
240
229
66
29
288
335
307
185
155
117
244
132
212
