226
33
130
177
182
24
129
205
94
339
91
129
271
117
146
159
266
318
275
148
183
182
22
194
32
280
23
240
98
20
122
56
219
143
281
75
206
10
229
259
25
105
8
181
179
296
10
117
116
44
14
242
325
282
70
230
310
249
249
37
294
297
328
309
16
33
167
304
146
199
203
143
65
138
218
196
192
291
243
264
163
221
111
51
53
227
56
99
152
55
43
319
303
5
166
232
99
168
165
276
133
0
109
82
316
309
170
210
26
94
93
9
318
175
113
337
149
159
139
232
19
137
109
220
13
169
38
297
46
17
20
289
219
33
20
329
295
234
178
220
275
262
301
325
53
304
277
37
73
83
266
127
255
120
129
229
44
311
222
197
209
25
127
339
216
221
246
110
326
176
263
318
26
268
237
70
281
221
220
28
255
289
37
278
295
293
334
134
10
277
115
152
338
37
239
109
158
184
121
86
127
265
1
269
145
80
88
96
82
274
216
287
76
188
190
199
305
131
101
201
230
46
266
94
183
24
10
308
46
49
331
176
138
231
72
241
19
301
236
170
258
93
157
17
80
183
302
0
22
46
23
141
76
312
337
298
89
0
61
298
76
292
72
265
133
157
57
286
307
268
291
64
218
244
154
74
274
89
235
121
118
264
124
62
3
37
17
164
311
314
225
125
148
306
62
256
74
79
23
65
162
94
78
304
223
90
131
83
211
128
213
284
287
157
37
117
132
172
238
174
317
1
206
170
310
93
150
68
264
94
263
70
168
148
140
300
160
138
267
139
217
225
184
164
147
110
121
92
95
246
176
181
252
185
102
32
68
32
45
190
166
122
285
101
280
34
182
208
84
126
159
111
216
107
118
66
104
312
152
108
30
241
70
177
83
249
19
171
52
141
0
8
33
298
257
27
30
156
295
321
142
317
244
307
31
50
326
212
9
18
42
219
108
161
265
269
281
320
88
178
60
1
90
121
43
77
327
136
52
116
231
330
148
153
315
44
146
198
292
59
68
225
122
278
317
169
250
316
137
287
183
256
181
156
129
285
12
146
175
3
85
142
340
49
123
293
245
158
83
237
217
20
60
244
163
73
284
210
85
339
96
91
214
68
227
262
20
91
134
102
300
64
97
249
231
261
85
