22
199
195
165
31
32
177
148
140
41
87
82
72
4
207
212
133
0
99
199
27
53
183
111
191
65
129
152
208
193
190
63
75
160
51
176
129
26
67
138
2
106
159
205
202
156
196
138
35
157
170
46
213
78
0
128
96
39
57
92
40
56
168
12
170
118
120
151
29
57
54
97
132
200
155
164
211
66
109
198
159
200
190
197
92
125
91
153
60
15
128
98
132
134
204
105
203
91
49
98
209
214
146
70
174
47
129
177
37
78
98
34
116
83
208
40
164
19
86
163
54
11
82
144
208
118
141
69
57
133
79
43
201
95
86
136
90
28
177
177
71
5
200
215
71
213
111
110
210
56
51
68
197
142
187
4
107
68
172
210
50
141
12
37
206
16
76
138
7
27
4
19
115
215
131
38
164
124
200
47
183
122
46
0
5
11
48
123
7
55
204
127
33
49
107
127
55
108
144
68
65
47
98
4
161
182
77
192
4
77
212
112
184
101
140
211
159
13
209
114
99
144
111
14
207
199
100
160
71
149
168
161
75
149
86
112
101
158
12
165
186
202
20
48
175
88
190
28
155
55
184
13
110
47
116
7
199
163
3
67
173
144
125
75
17
97
135
185
27
22
199
65
194
50
150
94
206
159
17
36
187
78
82
21
119
145
115
137
204
3
166
17
90
144
24
5
49
27
215
44
197
194
101
80
31
178
145
70
113
61
1
113
140
128
207
155
53
153
