175
117
210
84
36
88
95
206
105
174
123
190
20
214
212
189
139
65
161
81
67
144
148
85
106
13
39
52
199
73
116
82
55
145
47
186
211
102
168
208
192
177
108
159
93
113
103
6
96
95
205
0
202
57
120
30
162
10
127
7
111
89
134
74
209
28
138
150
14
146
186
18
49
116
98
107
80
96
24
13
161
73
15
160
176
163
134
94
56
113
173
194
162
53
3
210
185
72
152
164
49
73
86
138
145
72
115
77
153
29
167
6
108
171
113
19
154
22
18
29
209
182
146
206
32
180
89
63
52
25
127
95
153
124
97
73
20
180
12
151
111
137
196
194
75
2
178
68
99
50
93
150
76
37
112
11
49
129
213
126
186
22
50
147
191
128
156
84
211
195
169
197
39
9
89
195
215
49
56
41
198
77
147
108
121
146
90
190
45
195
117
59
172
12
6
133
23
23
42
192
156
137
26
194
4
87
99
55
180
138
74
8
38
180
16
42
129
96
207
79
92
157
46
91
3
85
37
181
110
88
179
203
183
6
72
142
80
190
188
84
155
126
19
6
127
12
182
70
81
174
94
119
129
26
40
205
26
125
99
175
69
74
163
104
97
94
89
150
175
3
63
59
210
115
139
122
124
174
48
156
146
28
85
20
186
60
71
167
80
15
157
36
26
4
190
41
64
68
180
187
58
82
130
11
21
29
121
64
157
174
39
190
4
180
202
85
71
25
