0 1 4 5 13 16 18 20 21 23 26 28 33 34 36 40 44 49 52 58 60
1 0 4 9 18 19 23 25 26 34 49 58
2
3 9 33
4 0 1 9 20 21 24 52 58
5 0 10 11 12 14 15 17 18 20 21 22 23 24 26 27 30 31 33 40
6 9
7 15 21 27 39 42 59
8 10 14 21 29 56 57 61
9 1 3 4 6 13 40
10 5 8 14 15 22 23 26 29 30 37 42 45 63
11 5 22 25 27 30
12 5 24 28 29
13 0 9
14 5 8 10 15 26 27 30 31 42 45
15 5 7 10 14 27 30 63
16 0 17 21 23 25 26 35 36 37 41 52 53 54 56 58 61
17 5 16 18 21 22 23 26 33 34 35 39 40 42 50 58
18 0 1 5 17 22 23 33 49 58
19 1
20 0 4 5 28 32 33 44 58
21 0 4 5 7 8 16 17 22 24 25 26 27 34 36 54 56 58 63
22 5 10 11 17 18 21 23 25 26 27 30 34 35 39 42 43 50 58 63
23 0 1 5 10 16 17 18 22 30 34 35 39
24 4 5 12 21 25 28 29 42 52 58
25 1 11 16 21 22 24 26 28 29 37 42 43 56 63
26 0 1 5 10 14 16 17 21 22 25 30 40 42 43 55
27 5 7 11 14 15 21 22 30 31 35 43 55 58 63
28 0 12 20 24 25 29
29 8 10 12 24 25 28 30 36 42 62
30 5 10 11 14 15 22 23 26 27 29 45 55 58 61
31 5 14 27 38 39 42 43 45
32 20 33 49 52
33 0 3 5 17 18 20 32 34 40 49 52
34 0 1 17 21 22 23 33 39 43 51 52 55 63
35 16 17 22 23 27 39 50 54 58 59
36 0 16 21 29 40 48 52 56 57 58 60
37 10 16 25 42 43 45 50 53 56 57 58 59 63
38 31 39 43 45 59 61 62
39 7 17 22 23 31 34 35 38 50 54 55 59
40 0 5 9 17 26 33 36 56 58 60
41 62 16 42 43 45 53 56 59 61
42 63 7 10 14 17 22 24 25 26 29 31 37 41 45 62
43 22 25 26 27 31 34 37 38 41 45 55 59 61 63
44 0 20 52 60
45 10 14 30 31 37 38 41 42 43 46 61 62
46 45
47
48 36 54
49 0 1 18 32 33
50 17 22 35 37 39 54 55
51 34 53 54 55 57 59
52 0 4 16 24 32 33 34 36 44 56 58
53 16 37 41 51
54 16 21 35 39 48 50 51 55 56 58 59
55 26 27 30 34 39 43 50 51 54 59
56 8 16 21 25 36 37 40 41 52 54 57 62
57 8 36 37 51 56 61 62 63
58 0 1 4 16 17 18 20 21 22 24 27 30 35 36 37 40 52 54
59 7 35 37 38 39 41 43 51 54 55 63
60 0 36 40 44
61 8 16 30 38 41 43 45 57 62
62 41 29 38 42 45 56 57 61 63
63 42 10 15 21 22 25 27 34 37 43 57 59 62
