0 21 1 6 9 10 16 18 20 24 26 34 38 42 50 53
1 0 4 5 10 15 16 22 23 31 32 34 37 42 49 50 59
2 3 21 42
3 2
4 1 5 7 16 24 25 26 33 37 38 39 41 42 45 46 47 57 58
5 1 4 7 9 10 11 16 19 20 21 22 23 26 27 33 38 40 41 45 58 59
6 0 8 13 21 38 42
7 4 5 10 11 16 18 22 23
8 6 13
9 0 5 10 14 21 23 24 25 42 45
10 0 1 5 7 9 11 21 23 24 26 27 31 37 38 42
11 5 7 10 15 19 22 23 38
12 24 25 46
13 6 8
14 9 30 45
15 1 11 27 31 43
16 37 0 1 4 5 7 18 19 22 24 26 38 40 42 49 57 58 59
17 19 22 23 24 27 30 31 33 38 39 41 43 47 50 51 55 58 59
18 0 7 16 32 34 42 50 53
19 5 11 16 17 22 37
20 0 5 38 42 48 53
21 0 2 5 6 9 10 22 30 32 34 38
22 1 5 7 11 16 17 19 21 26 34 37 42 49
23 1 5 7 9 10 11 17 24 26 27 37 38 59
24 0 4 9 10 12 16 17 23 25 30 45
25 4 9 12 24 27 29 33 39 40 41 43 46 47 59 60 63
26 0 4 5 10 16 22 23 30 31 34 42 45
27 5 10 15 17 23 25 29 31 39 46 59
28 29
29 25 27 28 31 40 41 43 46 56 61 63
30 14 17 21 24 26 31 40 45
31 1 10 15 17 26 27 29 30 47 59
32 1 18 21 37 38 41 42 45 48 49
33 4 5 17 25 36 37 45 57 59
34 0 1 18 21 22 26 38 49 50 51 53
35 39 47 54 55
36 33 37 46 52 56 57 58 59
37 16 1 4 10 19 22 23 32 33 36 38 41 42 46 50 57 58 59
38 0 4 5 6 10 11 16 17 20 21 23 32 34 37 49
39 4 17 25 27 35 47 59
40 5 16 25 29 30 41 45 46 56 57 59 60 61
41 4 5 17 25 29 32 37 40 43 45 46 49 52 56 58 59
42 0 1 2 4 6 9 10 16 18 20 22 26 32 37
43 15 17 25 29 41 59 63
44
45 4 5 9 14 24 26 30 32 33 40 41 46
46 4 12 25 27 29 36 37 40 41 45 47 57 59 61
47 4 17 25 31 35 39 46 54 59
48 20 32
49 1 16 22 32 34 38 41 50
50 0 1 17 18 34 37 49 51 53
51 17 34 50
52 36 41 54 56 61
53 0 18 20 34 50
54 35 47 52 55
55 17 35 54 59
56 29 36 40 41 52 61
57 4 16 33 36 37 40 46 58 60
58 4 5 16 17 36 37 41 57 59
59 1 5 16 17 23 25 27 31 33 36 37 39 40 41 43 46 47 55 58
60 25 40 57
61 29 40 46 52 56 62
62 61 63
63 25 29 43 62
