0 1 5 10 16 18 22 24 31 32 41
1 0 2 4 5 16 31
2 1 10
3 11 33 34 38
4 1 5 24 29
5 0 1 4 7 8 9 18 20 24 25 29
6 9 10 11 21 22 23 37 38 39 41 46 55 58
7 5 9 11 26
8 5 10 11 12 14 22 25 26 28 37 61
9 5 6 7 10 25 26 28 31 41
10 31 0 2 6 8 9 11 38
11 3 6 7 8 10 14 22 23 25 31 39
12 8 13 28 46 57 61 62
13 12 15 21 26 28 44 46 58 62
14 8 11 15 22 27 30 46 63
15 13 14 27 47
16 0 1 20 24 32 33 40
17 18 20 22 26 32 34 38 39 50 53 62
18 0 5 17 22 26 53
19 42 43 59 63
20 5 16 17 24 25 29 32 33 41
21 6 13 25 36 37 38 41 46 48 56 59 62
22 0 6 8 11 14 17 18 26 31 34 37 38 39 41 47 53 58
23 6 11 26 34 35 37 39 50 62
24 0 4 5 16 20 25 28 40 41
25 5 8 9 11 20 21 24 28 36 40 41
26 7 8 9 13 17 18 22 23 37 38 41 59
27 14 15 30 42 43 46 47 63
28 8 9 12 13 24 25 40 44 62
29 4 5 20
30 14 27 42 45 47
31 10 0 1 9 11 22
32 0 16 17 20 33 40 53 58
33 3 16 20 32 34 36 37 38 49 51 53 55 56 57 62
34 3 17 22 23 33 35 39 49 50 53 57 59
35 23 34 38 39 43 49 50 51 54 55
36 21 25 33 37 40 41 44 48 49 57 59 61
37 6 8 21 22 23 26 33 36 39 40 46 49 50 54 56 58 59 61
38 3 6 10 17 21 22 26 33 35 39 50 53 58
39 6 11 17 22 23 34 35 37 38 50 51 54 55 58
40 16 24 25 28 32 36 37 41 44 53 57 58 61
41 0 6 9 20 21 22 24 25 26 36 40 53 58 61
42 19 27 30 43 47 48 54 58 59 62 63
43 19 27 35 42 47 62 63
44 13 28 36 40 61
45 30
46 6 12 13 14 21 27 37 47 54 57 58 59 63
47 15 22 27 30 42 43 46 63
48 21 36 42 54 56
49 33 34 35 36 37 57 59
50 17 23 34 35 37 38 39 51 53 54 55 56 57 58
51 33 35 39 50 55
52 60 63
53 17 18 22 32 33 34 38 40 41 50 56 57 58 61
54 35 37 39 42 46 48 50 56 59
55 6 33 35 39 50 51 58 59
56 21 33 37 48 50 53 54 57 58 61
57 12 33 34 36 40 46 49 50 53 56 61 62 63
58 6 13 22 32 37 38 39 40 41 42 46 50 53 55 56 59 62
59 19 21 26 34 36 37 42 46 49 54 55 58 61 62
60 52
61 8 12 36 37 40 41 44 53 56 57 59 62
62 12 13 17 21 23 28 33 42 43 57 58 59 61
63 14 19 27 42 43 46 47 52 57
