0
1 2 5 6 10 17 18 20 24 35 37
2 1 3 5 6 7 18 21 35
3 2 19 21 27 43
4 25 6 9 16 21 22 24 27 33 36 44 46 53 55
5 1 2 6 7 8 10 12 17 18 20 21 35 37
6 1 2 4 5 7 18 22 27 30 31 35 43
7 2 5 6 10 15 18 23 25
8 5 12 13 16 20 24
9 4 14 15 16 17 18 22 25 27 28 30 41 44 45 58 62
10 1 5 7 14 15 18 23 25 26 27 28 30 38 45 46
11 23 26 27
12 5 8 24 41 44 45 60
13 8 44
14 9 10 15 25 31
15 7 9 10 14 22 25 30
16 37 4 8 9 17 18 20 21 25 27 33 34 36 38 41 53 62
17 38 1 5 9 16 19 20 21 23 26 33 37 52
18 1 2 5 6 7 9 10 16 19 34 35 37 38 46 53 55
19 3 17 18 22 23 26 33 38 55
20 41 1 5 8 16 17 21 24 27 34 37 38 44 45 46
21 2 3 4 5 16 17 20 22 23 24 25 37 41 43 46
22 4 6 9 15 19 21 23 27 38 43 45 51 55 58 61
23 7 10 11 17 19 21 22 27 33 37 43 59
24 1 4 8 12 20 21 25 41 53
25 4 7 9 10 14 15 16 21 24 26 27 31 33 41 44 45 46 62
26 10 11 17 19 25 27 29 30 31 36 45 58
27 3 4 6 9 10 11 16 20 22 23 25 26 31 36 43 46 58 62
28 9 10 30 36 45 46 56 60 61 62
29 26 59
30 6 9 10 15 26 28 31 36 40 43 46
31 6 14 25 26 27 30 43 55 62
32 33 37 38 41 43 48 53 55 56 58
33 4 16 17 19 23 25 32 36 38 50 51 52 55 58 59
34 16 18 20 35 37 38 48 51 55
35 1 2 5 6 18 34
36 4 16 26 27 28 30 33 45 55 56 58 61 62
37 16 1 5 17 18 20 21 23 32 34 38 40 41 43 44 45 49 51 53 55 60 62
38 17 10 16 18 19 20 22 32 33 34 37 41 55
39 50 57 59
40 30 37 43 44 45 56 58 61 62
41 20 9 12 16 21 24 25 32 37 38 44 52 62
42 63 47
43 3 6 21 22 23 27 30 31 32 37 40 55 58 61 62
44 4 9 12 13 20 25 37 40 41 45 46 60
45 9 10 12 20 22 25 26 28 36 37 40 44 46
46 4 10 18 20 21 25 27 28 30 44 45 52 53 58 62
47 42 59 63
48 32 34 52 53 58
49 37 53
50 33 39 51 59
51 22 33 34 37 50 58
52 17 33 41 46 48 53 56 58 61
53 4 16 18 24 32 37 46 48 49 52 58
54 57 58
55 4 18 19 22 31 32 33 34 36 37 38 43
56 28 32 36 40 52 61 62
57 39 54 61 63
58 9 22 26 27 32 33 36 40 43 46 48 51 52 53 54
59 23 29 33 39 47 50 63
60 12 28 37 44
61 22 28 36 40 43 52 56 57 62
62 9 16 25 27 28 31 36 37 40 41 43 46 56 61
63 42 47 57 59
