0 1 12 16 21 26 36 38 57 58 62
1 0 2 4 5 6 9 10 16 17 19 22 23 26 53 55 57
2 1 3 5 6 7 15 22 27 30 39 43
3 2 6 11 27 31
4 1 5 6 8 10 11 16 17 20 21 26 32 36 38 41 45 58 60 62
5 1 2 4 6 7 9 10 11 17 21 22 24 25 30 37 39 43 55 62
6 1 2 3 4 5 9 10 15 16 17 21 22 23 26 38 42
7 2 5 11 14 15 27 30 31 43 51
8 4 9 10 12 16 20 21 24 26 29
9 1 5 6 8 10 11 20 24 25 26 31 41 62
10 1 4 5 6 8 9 11 15 17 20 22 23 25 29 30 41 47 62
11 3 4 5 7 9 10 19
12 0 8 24
13 27 47 63
14 7 15 25 29 30 31 43 46 47
15 2 6 7 10 14 29 30 42
16 0 1 4 6 8 20 21 32 36 38 42 52 53 54 56 62
17 1 4 5 6 10 21 26 36 41 42 45 47 50 52 54 57
18 22 39 49 50 59
19 1 11 23 38 54 55
20 4 8 9 10 16 21 32 36 38 41 58
21 0 4 5 6 8 16 17 20 22 23 26 28 41 62
22 1 2 5 6 10 18 21 25 26 30 31 35 37 40 43 47 50 51 54 55
23 1 6 10 19 21 38 55
24 5 8 9 12 25 29 36 38 41 57 60
25 46 5 9 10 14 22 24 27 28 29 30 31 33 40 41 42 47 54 61 62
26 0 1 4 6 8 9 17 21 22 29 31 41 45 57 62
27 2 3 7 13 25 31 35 42 43 46 47 59
28 21 25 29 44 45 61 62
29 8 10 14 15 24 25 26 28 30 31 45 46 60 61
30 2 5 7 10 14 15 22 25 29 31 39 42 43 46 47 62
31 3 7 9 14 22 25 26 27 29 30 46 47
32 4 16 20 36 38 58
33 25 37 42 43 47 48 50 54
34 58
35 22 27 37 55
36 0 4 16 17 20 24 32 57 58
37 5 22 33 35 40 41 42 45 46 48 49 52 56 57 61 63
38 0 4 6 16 19 20 23 24 32 41
39 2 5 18 30 42 43
40 22 25 37 42 46 52 54 56
41 4 9 10 17 20 21 24 25 26 37 38 45 56 57 62
42 6 15 16 17 25 27 30 33 37 39 40 44 47 62
43 2 5 7 14 22 27 30 33 39 46 47 54
44 28 42 46 61
45 4 17 26 28 29 37 41 53 54 57 60 62
46 25 14 27 29 30 31 37 40 43 44 59
47 10 13 14 17 22 25 27 30 31 33 42 43 62
48 33 37 51 52
49 18 37 50 59
50 17 18 22 33 49 51 55
51 7 22 48 50 54 55
52 16 17 37 40 48 53 56 57 62
53 1 16 45 52 55 56 57
54 16 17 19 22 25 33 40 43 45 51 56
55 1 5 19 22 23 35 50 51 53 57
56 16 37 40 41 52 53 54 57 60 62
57 0 1 17 24 26 36 37 41 45 52 53 55 56 62
58 0 4 20 32 34 36
59 18 27 46 49 63
60 4 24 29 45 56
61 25 28 29 37 44 63
62 0 4 5 9 10 16 21 25 26 28 30 41 42 45 47 52 56 57
63 13 37 59 61
