0 1 4 5 6 11 14 17 20 21 24 27 28 34 37 38 46 53 58
1 0 5 9 10 22 27 29 30 34 38 46 49 50 58
2 17 18 21 38
3 6 18 22
4 0 5 6 8 10 14 16 20 21 24 30 37 44 46 53
5 0 1 4 8 10 11 21 26 37 46
6 0 3 4 10 14 18 20 21 24 27 29 46
7 10 11 15 26 27 35 47
8 4 5 21 24 44
9 1 12 13 26 28 29 30 45 46 47 63
10 1 4 5 6 7 11 12 15 20 22 26 31 43 45
11 0 5 7 10 14 22 27
12 9 10 13 28 45
13 9 12 29 31 40 61
14 0 4 6 11 21 26 27 30 45 46
15 7 10 31 43
16 4 17 18 25 30 31 34 36 37 38 40 45 48 49 52 56 58
17 0 2 16 21 24 37
18 2 3 6 16 22 26 34 49 51
19 23 35
20 0 4 6 10 29 32 37 44 45 46 51 52 53 58
21 0 2 4 5 6 8 14 17 26 32 37
22 1 3 10 11 18 25 27 30 31 34 45 46 53 58
23 19 43 47
24 0 4 6 8 17 44
25 16 22 26 28 29 30 31 45
26 5 7 9 10 14 18 21 25 29 34 38 43
27 0 1 6 7 11 14 22 29 38 58
28 0 9 12 25 29 30 40 46
29 1 6 9 13 20 25 26 27 28 30 31 45 46
30 1 4 9 14 16 22 25 28 29 40 45 46 47 63
31 10 13 15 16 22 25 29 45 47 63
32 20 21 37
33 54 38 41 43 48 50 56 57 59 61 63
34 0 1 16 18 22 26 37 38 43 48 54
35 7 19 38 39 59
36 16 37 38 52 58
37 0 4 5 16 17 20 21 32 34 36 44 46 48 53 58
38 0 1 2 16 26 27 33 34 35 36 39 41 43 47 48 54 58
39 35 38 41 43 47 59
40 13 16 28 30 45 48 52 56 57 60
41 33 38 39 45 52
42 55 62
43 10 15 23 26 33 34 38 39 63
44 4 8 20 24 37
45 9 10 12 14 16 20 22 25 29 30 31 40 41 46 52 56 57 60 61
46 0 1 4 5 6 9 14 20 22 28 29 30 37 45 58
47 7 9 23 30 31 38 39 54
48 16 33 34 37 38 40 49 50 52
49 1 16 18 48 53 54
50 1 33 48 54 59
51 18 20 58
52 16 20 36 40 41 45 48 53 56 57 58
53 0 4 20 22 37 49 52
54 33 34 38 47 49 50 59
55 42
56 16 33 40 45 52 57 60 61
57 33 40 45 52 56 59
58 0 1 16 20 22 27 36 37 38 46 51 52
59 33 35 39 50 54 57
60 40 45 56
61 13 33 45 56 63
62 42
63 9 30 31 33 43 61
