0 1 5 6 10 11 16 19 22 23 30 32 33 36 37 40 45 54
1 0 6 14 15 17 18 21 22 23 27 30 32 33 37 39 47 54 57
2 7 10 19 34 37
3 5 18 19 21 23
4
5 0 3 6 8 9 10 11 14 15 18 19 20 27 33 42 47
6 0 1 5 7 8 10 15 21 22 23 26 27 37 39 46 47
7 2 6 18 19
8 5 6 10 25 30 40 58
9 5 10
10 0 2 5 6 8 9 12 14 15 18 23 25 27 43 47 58
11 0 5 14 27
12 10 15 20 30 31
13 27 30 31 40 42 46
14 1 5 10 11 25 47
15 1 5 6 10 12 18 31
16 58 0 17 18 21 25 27 30 32 33 34 36 37 39 42 46 47 53 56 57 62
17 1 16 18 23 25 26 31 35 39 42 47 50 54 55 57 58 59 62
18 1 3 5 7 10 15 16 17 21 25 39 42 47 50 51 54 57 58
19 0 2 3 5 7 21 23
20 5 12 21 25 26 27 37 40 42 44 45 46 47 56 57 58
21 1 3 6 16 18 19 20 22 26 31 32 36 37 39 42 46 53
22 43 0 1 6 21 25 26 30 38 39 42 46 47 58 62
23 0 1 3 6 10 17 19 27 31 39 43 58
24 28 31 41 44 45 47 61 62 63
25 8 10 14 16 17 18 20 22 26 28 29 30 36 43 45 46 47 57
26 6 17 20 21 22 25 28 31 41 43 44 46 47 57 58 61 62
27 1 5 6 10 11 13 16 20 23 30 31 42 47
28 24 25 26 29 30 41 44
29 25 28 31 44 63
30 0 1 8 12 13 16 22 25 27 28 31 40 42 43 45 46 47 57
31 12 13 15 17 21 23 24 26 27 29 30 43 47
32 0 1 16 21 33 40 42 48 52 53 56 57 58
33 0 1 5 16 32 37 39 42 46 48 58
34 2 16
35 17 38 43 51 55 62
36 0 16 21 25 37 40 42 52 56 58
37 0 1 2 6 16 20 21 33 36 46 52
38 22 35 42 43 55 59 61 62
39 1 6 16 17 18 21 22 23 33 42 43 54 55
40 0 8 13 20 30 32 36 56 57
41 24 26 28 61 62 63
42 5 13 16 17 18 20 21 22 27 30 32 33 36 38 39 43 45 46 47 53 54 57 62
43 22 10 23 25 26 30 31 35 38 39 42 47 50 54 55
44 20 24 26 28 29 45 61
45 0 20 24 25 30 42 44 46 56 57
46 6 13 16 20 21 22 25 26 30 33 37 42 45 47 57 58 62
47 1 5 6 10 14 16 17 18 20 22 24 25 26 27 30 31 42 43 46 61
48 32 33 50 52 53 58
49
50 17 18 43 48 53 54 55 57
51 18 35 55
52 32 36 37 48 53 56 57
53 16 21 32 42 48 50 52 58 61
54 0 1 17 18 39 42 43 50 62
55 17 35 38 39 43 50 51 57 58 59
56 16 20 32 36 40 45 52 57 61 62
57 1 16 17 18 20 25 26 30 32 40 42 45 46 50 52 55 56 58 62
58 16 8 10 17 18 20 22 23 26 32 33 36 46 48 53 55 57 61 62
59 17 38 55 63
60
61 24 26 38 41 44 47 53 56 58 62
62 16 17 22 24 26 35 38 41 42 46 54 56 57 58 61
63 24 29 41 59
