0 1 4 5 10 16 20 21 27 29 37 42 53 58
1 0 5 21 23
2 6 7 9 10 19 21 22 27 29 34
3 10
4 0 10 16 17 25 28 29 30 32 33 36 37 38 42 55 58
5 0 1 7 17 20 21
6 2 7 9 10 11 15 17 21 22 23 25 29 38 42 46 55
7 2 5 6 11 19 27 31 38
8 12 14 25 29 36
9 2 6 13 15 22 24 27 29 30 40 42 43 45
10 0 2 3 4 6 11 13 14 21 25 26 27 42
11 6 7 10 27 31 38 42 46 47
12 8 24 29 40
13 9 10 15 24 44
14 8 10 25 26 27
15 6 9 13 27 31 46
16 58 0 4 17 21 24 25 32 33 37 42
17 4 5 6 16 21 22 23 26 32 34 38 54 55
18 19 22 27 34 35 39 43 50 51 55
19 2 7 18 34 38 39 43
20 0 5 25 36 53
21 0 1 2 5 6 10 16 17 25 26 27 29 37 42 55 58
22 2 6 9 17 18 38 46 55
23 1 6 17 26 27 34
24 9 12 13 16 25 28 36 42 46 54 61
25 4 6 8 10 14 16 20 21 24 29 38 42 58
26 10 14 17 21 23 27 29 42 54 58
27 0 2 7 9 10 11 14 15 18 21 23 26 31 38 42 54
28 4 24 29 30 42 61
29 0 2 4 6 8 9 12 21 25 26 28 31 44 54 58
30 4 9 28 31 39 44 45 47 61 62
31 7 11 15 27 29 30 42
32 4 16 17 33 36 37 38 42 49 54 58
33 4 16 32 34 37 49 50 54 55
34 2 17 18 19 23 33 36 38 39 46 50 54 55 63
35 18 51 59
36 4 8 20 24 32 34 40 58
37 0 4 16 21 32 33 40 42 55 58
38 4 6 7 11 17 19 22 25 27 32 34 39 49 55
39 18 19 30 34 38 47 59
40 9 12 36 37 42 44 52 60 61 63
41 43 47 48 57 59 62
42 0 4 6 9 10 11 16 21 24 25 26 27 28 31 32 37 40 49 55
43 9 18 19 41 46 47 62 63
44 13 29 30 40 60 61
45 9 30 46 47 56 57 63
46 6 11 15 22 24 34 43 45 61 63
47 11 30 39 41 43 45 59
48 41 52 56
49 32 33 38 42 54
50 18 33 34 51 54 55
51 18 35 50 52
52 40 48 51 57
53 0 20
54 17 24 26 27 29 32 33 34 49 50 58 61
55 4 6 17 18 21 22 33 34 37 38 42 50 58
56 45 48 60 62
57 41 45 52 59 62
58 16 0 4 21 25 26 29 32 36 37 54 55
59 35 39 41 47 57 63
60 40 44 56 61
61 24 28 30 40 44 46 54 60 62
62 30 41 43 56 57 61 63
63 34 40 43 45 46 59 62
