0 1 4 5 6 12 16 18 20 21 22 25 27 32 33 34 35 40 48 57
1 0 2 9 17 27 32 43
2 1 17 23 27
3 6 11 23 35
4 0 6 10 21 22 23 25 26 29 30 31 36 37 38 56 57 59 61
5 0 6 8 9 16 20 21 23 24 25 27 28 31 57 59
6 0 3 4 5 14 20 22 26 27 42
7 10 19 26 38 39 47 62 63
8 5 9 16 24 28 43 44
9 1 5 8 25 28 43
10 4 7 25 26 30 41 45 46 58
11 3 14 15 19 22 30 31 39 42 46
12 0 13 28
13 12 24 28 29 31
14 6 11 29 30 31
15 11 26 46 63
16 0 5 8 21 22 25 28 32 33 44 52 56 59
17 1 2 43
18 0 19 22 26 30 31 34 35 37 38 39 58 59
19 7 11 18 22
20 0 5 6 21 25 33 48
21 0 4 5 16 20 25 26 28 31 33 34 35 36 38 40 41 50
22 0 4 6 11 16 18 19 26 30 31 34 42 50 54 59 63
23 2 3 4 5 25 27
24 5 8 13 28 29 36 37
25 0 4 5 9 10 16 20 21 23 33 40 52 59
26 4 6 7 10 15 18 21 22 30 38 41 42 46 47 59
27 0 1 2 5 6 23
28 5 8 9 12 13 16 21 24 52
29 4 13 14 24 30 38 40 42 45 47 58 61 63
30 4 10 11 14 18 22 26 29 38 41 42 44 47 62
31 4 5 11 13 14 18 21 22 38 42
32 0 1 16 34 52
33 0 16 20 21 25 34 37 40 48 49 50 51 53 58 59
34 0 18 21 22 32 33 36 37 38 39 40 50 59
35 0 3 18 21 42 50 51
36 4 21 24 34 40 42 49 50 53 54 56 58 59 63
37 4 18 24 33 34 38 39 41 42 49 50 54 56 57 58 59
38 4 7 18 21 26 29 30 31 34 37 39 41 53 54 55 58 59 62
39 7 11 18 34 37 38 42 53 55 58 59
40 0 21 25 29 33 34 36 53 56
41 10 21 26 30 37 38 45 46 53 54 58 61 62 63
42 6 11 22 26 29 30 31 35 36 37 39 45 46 50 51 55 57 58 62
43 1 8 9 17
44 8 16 30 56
45 10 29 41 42 53 61
46 10 11 15 26 41 42 47 53 62 63
47 7 26 29 30 46 63
48 0 20 33 52
49 33 36 37 51 53 54
50 21 22 33 34 35 36 37 42
51 33 35 42 49 54
52 16 25 28 32 48 57
53 33 36 38 39 40 41 45 46 49 54 55 57 58 62
54 22 36 37 38 41 49 51 53 55
55 38 39 42 53 54 63
56 4 16 36 37 40 44 57 61
57 0 4 5 37 42 52 53 56 58 59
58 10 18 29 33 36 37 38 39 41 42 53 57 62
59 4 5 16 18 22 25 26 33 34 36 37 38 39 57
60 61
61 4 29 41 45 56 60
62 7 30 38 41 42 46 53 58 63
63 7 15 22 29 36 41 46 47 55 62
