0 1 4 12 17 22 35 36
1 0 2 3 4 8 10 11 16 18 20 24 26 33 37
2 1 3 17 18 22 27 51
3 1 2 17 22 35
4 0 1 10 13 20 21 22 24 26 29 36 44 53 56 57 61
5 26 6 9 10 13 14 16 20 21 22 24 25 30 36 37 40 45 57
6 27 5 7 10 15 21 22 23 25 26 34 42 59
7 6 21 23 27 30 59
8 1 11 12 24 29 40 44 45
9 5 30 31 54 58 59 61 62
10 1 4 5 6 13 14 15 24 25 26 27 30 36
11 1 8 18
12 0 8
13 4 5 10 14 15 29 61
14 5 10 13 15 25 26 30 45 47
15 6 10 13 14 26 31 42 47
16 1 5 25 27 33 34 37 38 41 42 45 52 53 54 56 59 61
17 0 2 3 18 19 32 33 35 37
18 1 2 11 17 21 22 35
19 17 22 51
20 1 4 5 21 24 25 27 36 40 41 56 61
21 4 5 6 7 18 20 22 26 29 33 35 36 37 38 41 44 45 53
22 0 2 3 4 5 6 18 19 21 33 35 37 42 61
23 6 7 39 43 46 47
24 1 4 5 8 10 20 36 40 41 44 45
25 5 6 10 14 16 20 30 42 54 60 61
26 5 1 4 6 10 14 15 21 27 34 37 38 42
27 6 2 7 10 16 20 26 38 59
28 45 47 60
29 4 8 13 21 37 41 45
30 5 7 9 10 14 25 31 38 41 42 43 47 54 62
31 9 15 30 39 43 46 47 58
32 17 33 48 57
33 1 16 17 21 22 32 37 51 57
34 6 16 26 37 38 41 42 51 52 54 55 57 59
35 0 3 17 18 21 22 51
36 57 0 4 5 10 20 21 24 37 40 41 42 52 53 56
37 1 5 16 17 21 22 26 29 33 34 36 45 56 57
38 16 21 26 27 30 34 41 42 45 50 52 54 55 59
39 23 31 43 47 54 62
40 5 8 20 24 36 41 44 60 61
41 16 20 21 24 29 30 34 36 38 40 42 44 45 47 52 53 56 61
42 6 15 16 22 25 26 30 34 36 38 41 45 57 59
43 23 30 31 39 47 55 58 63
44 4 8 21 24 40 41 45 57
45 5 8 14 16 21 24 28 29 37 38 41 42 44 56 57 61 62
46 23 31 59
47 14 15 23 28 30 31 39 41 43
48 32
49 54
50 38 52 54 55 59 62
51 2 19 33 34 35
52 16 34 36 38 41 50 56 57 61
53 4 16 21 36 41 56 57 61
54 9 16 25 30 34 38 39 49 50 55
55 34 38 43 50 54
56 4 16 20 36 37 41 45 52 53 57
57 36 4 5 32 33 34 37 42 44 45 52 53 56
58 9 31 43
59 6 7 9 16 27 34 38 42 46 50 62
60 25 28 40 61 62
61 4 9 13 16 20 22 25 40 41 45 52 53 60 62
62 9 30 39 45 50 59 60 61
63 43
