0 1 18 20 21 24 32 35 38 53 54
1 0 4 5 14 16 21 22 32 35
2 6 7 11 18 19 22 23 38 39 41
3 7 22 55
4 1 5 6 9 12 13 14 22 26 29 30 34 38 40 45
5 1 4 6 9 10 13 17 18 20 22 26 31 34 45
6 2 4 5 9 10 11 13 22 23 26 27 30 31 34 50
7 2 3 10 11 19 27 31 38
8 29 10 12 13 25 28 30 31 36 37 44 47 58 62
9 4 5 6 12 13 14 20 22 26 30 38 41
10 5 6 7 8 11 13 19 22 27 29 30 31 37 46
11 2 6 7 10 18 23 27
12 4 8 9 13 20 28 41 45
13 4 5 6 8 9 10 12 26 29 41
14 1 4 9
15 25 31 42 43 46
16 1 21 24 32 33 53
17 5 18 22 31 34 37 38 55 58
18 0 2 5 11 17 20 22 34 58
19 2 7 10 27 38 42 43 47 59
20 0 5 9 12 18 21 24 38 41 53 60
21 0 1 16 20 24 26 32 52 53
22 1 2 3 4 5 6 9 10 17 18 26 34 35 38 40
23 2 6 11
24 0 16 20 21 53
25 46 8 15 27 29 37 40 41 43 44 47 58 63
26 4 5 6 9 13 21 22 29 31 37 45
27 6 7 10 11 19 25 30 43 45
28 8 12 29 36 40 44 45 63
29 8 4 10 13 25 26 28 30 31 37 38 41 44 46 58
30 4 6 8 9 10 27 29 31 44 46 59
31 5 6 7 8 10 15 17 26 29 30 41 46
32 0 1 16 21 33 34 48 53
33 16 32 53 54
34 4 5 6 17 18 22 32 37 38 49 50 51 53
35 0 1 22 51 54
36 8 28 40 41 44 46 50 56 57 58 62 63
37 58 8 10 17 25 26 29 34 38 40 41 45 50 56
38 0 2 4 7 9 17 19 20 22 29 34 37 45 50 51 53 58 59
39 2 42 43 46 55 57 59
40 4 22 25 28 36 37 49 56
41 2 9 12 13 20 25 29 31 36 37 45 52 58 62
42 15 19 39 43 46 47 57 58 62
43 15 19 25 27 39 42 46 47
44 8 25 28 29 30 36 45
45 4 5 12 26 27 28 37 38 41 44 46
46 25 10 15 29 30 31 36 39 42 43 45 47 55 58 59 62 63
47 8 19 25 42 43 46 63
48 32 53
49 34 40 50 52
50 6 34 36 37 38 49 51
51 34 35 38 50
52 21 41 49
53 0 16 20 21 24 32 33 34 38 48
54 0 33 35
55 3 17 39 46 59 63
56 36 37 40 57 58
57 36 39 42 56 58 61 62
58 37 8 17 18 25 29 36 38 41 42 46 56 57
59 19 30 38 39 46 55 62
60 20
61 57
62 8 36 41 42 46 57 59
63 25 28 36 46 47 55
