0 1 4 5 16 20 22 39 45
1 0 2 6 7 10 18 20 21 22 23 27 29 37 41
2 1 18 22 23 27 39
3 19 23 43
4 0 5 20 28
5 0 4 9 15 20 22 27 29 33
6 1 7 8 10 11 14 15 21 25 26 27 30 31 34 38 42 43 46 58
7 1 6 11 19 22 23 38 41 43
8 6 12 13 14 21 22 24 25 26 29 30 62
9 5 10 12 14 21 22 28 30 33 36
10 1 6 9 14 15 22 24 25 27 29 37 38 41
11 6 7 13 15 21 23 26 31 42 43
12 8 9 13 24 25 26 29
13 8 11 12 14 25 26 29 30 40 41 61
14 6 8 9 10 13 15 22 26 27 29 41
15 5 6 10 11 14 26 29 43
16 0
17
18 1 2 20 21 32 37 59
19 3 7 23 38 43 55 63
20 0 1 4 5 18 24 32 45
21 1 6 8 9 11 18 24 25 26 30 36 38 41 48 58 61 62 63
22 0 1 2 5 7 8 9 10 14 25 27 29 33 36 37 38 39 58
23 1 2 3 7 11 19 33 35 38 43 62
24 8 10 12 20 21 25 26 29 36 37 38 40 41 61 62
25 6 8 10 12 13 21 22 24 26 29 30 41 62 63
26 6 8 11 12 13 14 15 21 24 25 30 31 36 42 43 55 58 61 63
27 1 2 5 6 10 14 22 59
28 4 9 45
29 1 5 8 10 12 13 14 15 22 24 25 30 40 62
30 6 8 9 13 21 25 26 29 40 41 43 62 63
31 6 11 26 43 46 63
32 18 20 59
33 5 9 22 23 36 37 38 39 41 49 51 59
34 6 35 38 42 46 49 50 51 53 54 55 58 63
35 23 34 38 42 43 55
36 9 21 22 24 26 33 37 38 41 48 49
37 1 10 18 22 24 33 36 39 41 49 50 56 58 60
38 6 7 10 19 21 22 23 24 33 34 35 36 39 41 43 46 50 51 55 58 62
39 0 2 22 33 37 38
40 13 24 29 30 52 53 56 61
41 1 7 10 13 14 21 24 25 30 33 36 37 38 43 46 53 55 58
42 6 11 26 34 35 47 57 62 63
43 3 6 7 11 15 19 23 26 30 31 35 38 41 50 51 55 61 62 63
44 46 57 61
45 0 20 28 59
46 6 31 34 38 41 44 47 62 63
47 42 46
48 21 36
49 33 34 36 37 52 55 61 62
50 34 37 38 43 55
51 33 34 38 43 55
52 40 49 53 55 56 62
53 34 40 41 52 62 63
54 34 63
55 19 26 34 35 38 41 43 49 50 51 52 58 61 62 63
56 37 40 52 62
57 42 44
58 6 21 22 26 34 37 38 41 55 62
59 18 27 32 33 45
60 37
61 13 21 24 26 40 43 44 49 55 62 63
62 8 21 23 24 25 29 30 38 42 43 46 49 52 53 55 56 58 61 63
63 19 21 25 26 30 31 34 42 43 46 53 54 55 61 62
