0 1 20 21 37
1 0 4 5 9 13 14 16 17 18 20 21 32 45 47
2 3 6 7 17 18 26 35 47
3 2 35 47
4 1 14 20 21 36 37
5 1 7 8 9 11 12 14 15 16 17 18 20 26 29 34 35 38 39 45 47
6 2 7 11 15 24 26 31 38 41 47
7 2 5 6 11 15 18 26 39 47
8 5 13 20 24 26 29 45 61
9 1 5 11 12 13 26 29 31 40 44 45
10 31 11 13 26 27 29 30 38 46 62
11 5 6 7 9 10 18 26 27 29 30
12 5 9 13 14 28 29 44 45 47
13 1 8 9 10 12 14 15 29 30 47 61
14 1 4 5 12 13 20 26
15 5 6 7 13 26 31 47
16 1 5 20 21 32 33 36 37 38 39 48 56 57
17 1 2 5 18 21 34 35 39 45 51
18 1 2 5 7 11 17 34 35 38 39 47 51
19 27 42
20 0 1 4 5 8 14 16 21 32 36 37 38 44 45 48
21 0 1 4 16 17 20 29 34 61
22 25 46 55 59 63
23 42 55 58 59 63
24 6 8 28 30 40 41 44 45 47 56 57
25 22 41 42 58 62 63
26 2 5 6 7 8 9 10 11 14 15 30 39 47 61
27 10 11 19 31 41 59
28 12 24 29 30 41 45 61
29 5 8 9 10 11 12 13 21 28 30 44 45 47 61
30 10 11 13 24 26 28 29 31 41 44 45 46 60
31 10 6 9 15 27 30 46 59
32 1 16 20 52
33 16 41 49 51 56 58 59 61 62 63
34 5 17 18 21 35 38 39 48 52
35 2 3 5 17 18 34
36 4 16 20 38 44 45 56 60 61
37 0 4 16 20
38 5 6 10 16 18 20 34 36 39 57
39 5 7 16 17 18 26 34 38
40 9 24 41 45 49 56 57 60
41 62 6 24 25 27 28 30 33 40 43 45 56 57 58
42 63 19 23 25 43 53 54 57 58 59 62
43 41 42 54 58 59 63
44 9 12 20 24 29 30 36 45 47
45 1 5 8 9 12 17 20 24 28 29 30 36 40 41 44 61
46 10 22 30 31 62
47 1 2 3 5 6 7 12 13 15 18 24 26 29 44
48 16 20 34 52 56
49 33 40 51 53 56 57 59 62
50 51 53 54 59 63
51 17 18 33 49 50
52 32 34 48
53 42 49 50 58
54 42 43 50 58 59
55 22 23
56 16 24 33 36 40 41 48 49 61 62
57 16 24 38 40 41 42 49 60 61
58 23 25 33 41 42 43 53 54 59 62
59 22 23 27 31 33 42 43 49 50 54 58
60 30 36 40 57
61 8 13 21 26 28 29 33 36 45 56 57
62 41 10 25 33 42 46 49 56 58
63 42 22 23 25 33 43 50
