0 1
1 0 20
2 5 6 9 15 16 19 21 23 31 34
3 7 19 31
4
5 2 6 9 10 13 24 25 26 29 40
6 2 5 7 9 10 13 19 23 24 25 26 29 31 33 46 63
7 3 6 14 19 21 22 25 35
8 9 10 28 30 41
9 2 5 6 8 10 13 14 18 21 26 28 29 46 57 63
10 5 6 8 9 21 30 31
11 43
12 29 42 44 46 47 63
13 5 6 9 14 15 24 26 30 31 42 44
14 7 9 13 15 21 26 42 46 47 63
15 2 13 14 31
16 37 2 17 20 21 23 25 30 32 34 41 49 60
17 16 23 33 36 37
18 9 21 23 26 33 39 41 50 51 54 55 63
19 2 3 6 7 22 25 35 42 63
20 1 16 21 37 41
21 2 7 9 10 14 16 18 20 24 25 26 30 33 37 41 45 57 63
22 7 19 25 35 38 39 43 45 46 47 54 55 58 59 63
23 2 6 16 17 18
24 5 6 13 21 25 26 28 29 31 40 44 45 46 56 57 63
25 5 6 7 16 19 21 22 24 26 29 33 36 44 46 57 58 63
26 5 6 9 13 14 18 21 24 25 39 55 63
27 43 62
28 8 9 24 40 44 45
29 5 6 9 12 24 25 40 42 46 63
30 8 10 13 16 21
31 2 3 6 10 13 15 24 39
32 16 33 36 37 41 46 51 52 53 56 57
33 6 17 18 21 25 32 37 39 51 57 63
34 2 16 37
35 7 19 22 38 42 43 47 50 51 58 59
36 17 25 32 37 40 41 42 57 60
37 16 17 20 21 32 33 34 36 41 57
38 22 35 40 54 58 59 63
39 18 22 26 31 33 42 46 51 57 59
40 5 24 28 29 36 38 42 44 45 46 47 56 57
41 8 16 18 20 21 32 36 37 44
42 12 13 14 19 29 35 36 39 40 45 51 54 55 57 62 63
43 11 22 27 35 47 59 62
44 12 13 24 25 28 40 41 45
45 21 22 24 28 40 42 44 53
46 6 9 12 14 22 24 25 29 32 39 40 47 54 55 59 63
47 12 14 22 35 40 43 46 53 54 58 59 63
48 49
49 16 48
50 18 35 51 52 54 55 58
51 18 32 33 35 39 42 50 54 55
52 32 50 56 57
53 32 45 47 54 58 63
54 18 22 38 42 46 47 50 51 53 55 57 58 59
55 18 22 26 42 46 50 51 54
56 24 32 40 52
57 9 21 24 25 32 33 36 37 39 40 42 52 54
58 22 25 35 38 47 50 53 54 59 62
59 22 35 38 39 43 46 47 54 58
60 16 36
61 62
62 27 42 43 58 61
63 6 9 12 14 18 19 21 22 24 25 26 29 33 38 42 46 47 53
