0 1 8 18 20 21 26 40 41 42
1 0 3 5 7 8 17 18 21 26 32 38 42
2 11 27 34 37 38 46
3 1 18 22 39
4 5 8 10 12 20 22 24 29 33 34 36 38 39 41 42 43 45 46 56 58 61 63
5 1 4 8 9 12 13 16 18 22 37 38 41
6 27 10 14 23 43
7 1 9 10 11 18 39
8 0 1 4 5 12 13 22 25 26 28 45
9 5 7 13 20 22 24 26 31 38
10 4 6 7 11 13 14 22 28 29 30 46
11 2 7 10 22 31 39 42
12 4 5 8 13 25 29 45
13 5 8 9 10 12 20 22 40 45 46
14 6 10 30 31 43 44 63
15 27 30
16 5 17 20 22 36 37 38 39 40 42 48 52
17 1 16 18 21 26 38 39 41
18 0 1 3 5 7 17 22 38 39 41 55
19 23 31 34 35 43 54
20 41 0 4 9 13 16 33 36 38 40 46 52 56 61
21 0 1 17 25 26 37 38 42
22 3 4 5 8 9 10 11 13 16 18 26 33 37 39 55
23 6 19 51 58
24 4 9 28 29 30 36 40 41 45
25 8 12 21 26 32 36 40 42 56
26 0 1 8 9 17 21 22 25 38 41 42
27 6 2 15 43 63
28 8 10 24 29 36 41 44 45 60
29 4 10 12 24 28 40 43 45 46 58 61
30 10 14 15 24 31 46
31 9 11 14 19 30 41 45 46 58 63
32 1 25 33 38 39 41 42 48 52
33 4 20 22 32 38 42 45 49 55
34 2 4 19 35 37 49 53 54
35 19 34 43 50 51 53 63
36 4 16 20 24 25 28 37 38 40 41 48 56 60 61
37 2 5 16 21 22 34 36 41 53 54 55 58 63
38 1 2 4 5 9 16 17 18 20 21 26 32 33 36 41 42
39 3 4 7 11 16 17 18 22 32
40 0 13 16 20 24 25 29 36 41 56
41 20 0 4 5 17 18 24 26 28 31 32 36 37 38 40 46 48 49 55 56 60 61
42 0 1 4 11 16 21 25 26 32 33 38 48
43 4 6 14 19 27 29 35 46 47 51 54 63
44 14 28
45 4 8 12 13 24 28 29 31 33 52
46 2 4 10 13 20 29 30 31 41 43 49 54 60 61 63
47 43
48 16 32 36 41 42
49 33 34 41 46 52 54 55
50 35 51 58
51 23 35 43 50
52 16 20 32 45 49 54 58 60 61
53 34 35 37 54 55 58 61 63
54 19 34 37 43 46 49 52 53 58
55 18 22 33 37 41 49 53
56 4 20 25 36 40 41
57 59 62
58 4 23 29 31 37 50 52 53 54 60 61
59 57 62
60 28 36 41 46 52 58
61 4 20 29 36 41 46 52 53 58
62 57 59
63 4 14 27 31 35 37 43 46 53
