0 1 8 16 18 20 28 30 36 37 38 39 45 53 61
1 0 2 4 6 9 10 17 20 21 34 36 38 39 55 57
2 23 1 3 6 7 10 17 21 35 39 43 47 62 63
3 2 11 19 21 22 39 43 55
4 1 5 8 9 10 13 17 20 21 25 26 28 37 41
5 4 6 7 8 10 14 21 22 23 25 26 27 38 39 43 62
6 1 2 5 7 9 11 17 22 26 29 33 43 47 63
7 2 5 6 11 15 17 19 21 23 25 26 34 39
8 0 4 5 9 16 17 21 28 38
9 1 4 6 8 13 20 21
10 1 2 4 5 11 13 15 22 26 39 47 58
11 3 6 7 10 21 25 26
12 14 15 29 31 40 46 62
13 4 9 10 25 26 45 47
14 5 12 47
15 7 10 12 22 26 29 42
16 0 8 49 53 61
17 1 2 4 6 7 8 20 21 22 23 25 26 33 34 36 38 41 48
18 0 19 20 37 51 55
19 3 7 18 34 38 39 51 55
20 0 1 4 9 17 18 36 38 39 45 48 52 61
21 1 2 3 4 5 7 8 9 11 17 25 26 41 45 52 57 59
22 3 5 6 10 15 17 23 26 27 33 39 43 58
23 2 5 7 17 22 25 39 55 58 59
24 32 40 42 44 46 56 62
25 4 5 7 11 13 17 21 23 26 28 29 36 40 41 46 58 62
26 4 5 6 7 10 11 13 15 17 21 22 25 27 29 32 38 39 41 42 43 44 46 47 59
27 5 22 26 31 42 47 59 63
28 0 4 8 25 45
29 6 12 15 25 26 40 41 44 47 58 63
30 0 61
31 12 27 46 47 62
32 24 26 40 44 58 59 63
33 6 17 22 34 36 38 39 41 48 51 55 56 58
34 1 7 17 19 33 38 39 51 55
35 2 42 43 58 59 63
36 0 1 17 20 25 33 37 41 45 48 49 52 53 56 61
37 0 4 18 36
38 0 1 5 8 17 19 20 26 33 34 52 55 57 58 61
39 0 1 2 3 5 7 10 19 20 22 23 26 33 34 55
40 12 24 25 29 32 41 44 56 60 62
41 4 17 21 25 26 29 33 36 40 47 56 57 58 59 60 62 63
42 15 24 26 27 35 43 46 54 63
43 2 3 5 6 22 26 35 42 57 59 62 63
44 24 26 29 32 40 56 60
45 0 13 20 21 28 36 61
46 12 24 25 26 31 42 54
47 2 6 10 13 14 26 27 29 31 41 54 58 59 63
48 17 20 33 36 52 56
49 16 36
50 54 59 63
51 18 19 33 34
52 20 21 36 38 48
53 0 16 36 61
54 42 46 47 50 58 59
55 1 3 18 19 23 33 34 38 39
56 24 33 36 40 41 44 48 57 58 62 63
57 1 21 38 41 43 56 58 60 63
58 10 22 23 25 29 32 33 35 38 41 47 54 56 57 62 63
59 21 23 26 27 32 35 41 43 47 50 54 62 63
60 40 41 44 57
61 0 16 20 30 36 38 45 53
62 2 5 12 24 25 31 40 41 43 56 58 59
63 2 6 27 29 32 35 41 42 43 47 50 56 57 58 59
