0 1 4 14 16 20 21 32 37 47
1 0 2 3 4 7 8 9 11 13 17 18 22 47 49 57 63
2 1 3 5 7 10 14 16 19 21 22 35 47 51
3 1 2 19 38 47
4 0 1 11 14 16 17 20 21 22 24 33 47 56 63
5 26 2 6 10 13 14 15 18 23 28 30 31 37 38 41 43 47 53 63
6 5 23 26 27 29 31 41 42 43
7 1 2 11 17 19 21 47
8 1 9 14 21 36 37 47 60
9 1 8 10 11 13 14 21 24 37 47 57 60
10 2 5 9 11 13 14 15 21 22 31 37 42 63
11 1 4 7 9 10 14
12 13 14 21 24 25 28 63
13 1 5 9 10 12 24 31 63
14 0 2 4 5 8 9 10 11 12 26
15 5 10 27 29 43
16 0 2 4 17 18 21 32 33 36 37 49 56 57
17 1 4 7 16 18 20 21 33 49
18 1 5 16 17 22 23 31 35 37 53
19 2 3 7 22 37 50
20 0 4 17
21 0 2 4 7 8 9 10 12 16 17 22 26 32 33 37 42 47
22 1 2 4 10 18 19 21 33 36 43 47 53 63
23 5 6 18 26 35 38 39
24 4 9 12 13 25 26 28 31 36 40 45 57
25 12 24 30 31 41 43 45 46 57
26 5 6 14 21 23 24 27 30 31 43 62
27 6 15 26 30 31 39 43 62
28 5 12 24 40 41 42 45 63
29 6 15 30 31 41 46 61
30 5 25 26 27 29 31 39 43 45 62
31 5 6 10 13 18 24 25 26 27 29 30 41
32 0 16 21 33 37 47 49 52 56 57
33 4 16 17 21 22 32 36 37 47 49 50 53
34 39 55 62
35 2 18 23 38 43 51
36 57 8 16 22 24 33 38 45 52 53 56 60
37 0 5 8 9 10 16 18 19 21 32 33 40 47 50 52 57 60
38 3 5 23 35 36 41 42 43 52 54
39 23 27 30 34 51 54 55
40 24 28 37 41 42 45 52 53 61 63
41 5 6 25 28 29 31 38 40 42 43 57 62
42 6 10 21 28 38 40 41 53 57 62 63
43 5 6 15 22 25 26 27 30 35 38 41 53 54 62 63
44 61
45 24 25 28 30 36 40 52
46 25 29 61
47 0 1 2 3 4 5 7 8 9 21 22 32 33 37 63
48 52 53 54
49 1 16 17 32 33 53 56 60
50 19 33 37 51
51 2 35 39 50
52 32 36 37 38 40 45 48 53 57
53 5 18 22 33 36 40 42 43 48 49 52 57
54 38 39 43 48 55
55 34 39 54
56 4 16 32 36 49 60
57 36 1 9 16 24 25 32 37 41 42 52 53 63
58 59
59 58 62
60 8 9 36 37 49 56
61 29 40 44 46 62
62 26 27 30 34 41 42 43 59 61
63 1 4 5 10 12 13 22 28 40 42 43 47 57
