0 1 4 16 18 21 25 36 37 43 44 49 54
1 0 5 16 27
2 23 3 7 18 35 43
3 2 6 7 18 21 34
4 25 0 21 37 40
5 1
6 3 7 9 11 13 21 25 26 27 29 30 31 34 35 42 58
7 2 3 6 9 11 22 23 26
8 12 13 21 25 28 29 30
9 6 7 11 14 15 22 24 26 30 31 45 63
10 47 63
11 6 7 9 14 15 18 26
12 8 13 24 26 29 31 44
13 6 8 12 14 26 27 29 37
14 9 11 13 15 20 26 45 63
15 9 11 14 31
16 0 1 33
17 22 24 30 34 35 38 39 42 46 53 55 59 61
18 0 2 3 11 19 23 26 27 43 55 62
19 18 43
20 41 14 22 24 29 30 32 38 42 45 50 58 61 62 63
21 0 3 4 6 8 25 26 27 28 32 36 37 42 55 58 62
22 7 9 17 20 24 38 39 42 46 59
23 2 7 18 27 35 43 55
24 45 9 12 17 20 22 28 30 38 41 42 46 57 58 61 62 63
25 4 0 6 8 21 43 62
26 6 7 9 11 12 13 14 18 21 28 35 43 45
27 1 6 13 18 21 23 31 35
28 8 21 24 26 29 45 52 60
29 6 8 12 13 20 28 45
30 6 8 9 17 20 24 41 42 61
31 6 9 12 15 27 43
32 20 21 34 37 42 43 49 52 54 60 62 63
33 16
34 3 6 17 32 37 43 50 55 58 63
35 2 6 17 23 26 27 50 55 58
36 0 21 37 48 49 52 62
37 0 4 13 21 32 34 36 43 44 54 58 62
38 17 20 22 24 39 41 42 45 46 50 55 57 62
39 17 22 38 63
40 4 44
41 20 24 30 38 42 45 46 55 56 58 59 60 61 62 63
42 6 17 20 21 22 24 30 32 38 41 56 57 62 63
43 0 2 18 19 23 25 26 31 32 34 37 54
44 0 12 37 40
45 24 9 14 20 26 28 29 38 41 56 60 61 63
46 17 22 24 38 41 47 56 59 61
47 10 46 59 63
48 36 52 54
49 0 32 36 52
50 20 34 35 38 53 55
51
52 28 32 36 48 49
53 17 50 56 57 58 59
54 0 32 37 43 48 62
55 17 18 21 23 34 35 38 41 50
56 41 42 45 46 53 57 60 61
57 24 38 42 53 56
58 6 20 21 24 34 35 37 41 53 60
59 17 22 41 46 47 53
60 28 32 41 45 56 58 62
61 17 20 24 30 41 45 46 56
62 18 20 21 24 25 32 36 37 38 41 42 54 60
63 9 10 14 20 24 32 34 39 41 42 45 47
