0 1 4 5 6 9 11 18 20 21 25 31 36 37 38 40 41 42 44 45 52 56
1 0 2 3 6 7 17 18 22 23 24 29 42 53 62
2 1 6 7 11 18 22 23 27 35 42 50 54
3 1 17 22 23 31 34 39 42
4 25 0 5 6 8 13 14 17 18 22 27 29 31 36 40 45 62
5 0 4 11 20 21 24 41 42 62
6 0 1 2 4 7 11 20 21 25 31
7 1 2 6 18 19 22 34 38 39 42
8 4 13 20 21 25 29 37 40 41 44 45 56 57 62
9 0 20 41 45
10 12 15 22 29 47 59 63
11 0 2 5 6 23
12 10 15 28 29 46 61
13 4 8 24 29 31 62
14 4 27 29 62
15 10 12 47 63
16 20 22 24 25 34 36 46 50 57 58 61
17 1 3 4 18 33 34 35 38 41 42 48 51 54
18 0 1 2 4 7 17 31 34 37 39 41 42 51 53 54 57
19 7 22 27 63
20 41 0 5 6 8 9 16 24 36 37 38 40 42 44 45 52 62
21 0 5 6 8 25 31 32 38 41 62
22 1 2 3 4 7 10 16 19 25 27 42 62
23 1 2 3 11 34 38
24 1 5 13 16 20 25 40 41 44 45 57
25 4 0 6 8 16 21 22 24 29 31 34 38 42
26 43 46 47
27 2 4 14 19 22 31 39 43 54 63
28 12 46 60
29 1 4 8 10 12 13 14 25 42 61 63
30 47
31 0 3 4 6 13 18 21 25 27 45 62
32 21 36 37 38 40 41
33 17 34 46 47 49 50 55 58
34 3 7 16 17 18 23 25 33 39 42 50 51 54 57 62
35 2 17 39 42 54
36 0 4 16 20 32 37 38 40 45 52
37 0 8 18 20 32 36 38 40
38 0 7 17 20 21 23 25 32 36 37 41 42 53 62
39 3 7 18 27 34 35 43 51 54 57 59
40 0 4 8 20 24 32 36 37 52
41 20 0 5 8 9 17 18 21 24 32 38 42 56 57 62
42 0 1 2 3 5 7 17 18 20 22 25 29 34 35 38 41 53 54 57 62
43 26 27 39 46 47 49 55 59
44 0 8 20 24 45 52
45 0 4 8 9 20 24 31 36 44
46 12 16 26 28 33 43 47 61 63
47 10 15 26 30 33 43 46 59
48 17 50 53 54 57 58
49 33 43 55
50 2 16 33 34 48 51 53 54 58
51 17 18 34 39 50 55
52 0 20 36 40 44
53 1 18 38 42 48 50 56 61 62
54 2 17 18 27 34 35 39 42 48 50 56 57 58 62
55 33 43 49 51 58 59
56 0 8 41 53 54 57
57 8 16 18 24 34 39 41 42 48 54 56 60 61 63
58 16 33 48 50 54 55 59 60 61 63
59 10 39 43 47 55 58
60 28 57 58 61
61 12 16 29 46 53 57 58 60
62 1 4 5 8 13 14 20 21 22 31 34 38 41 42 53 54
63 10 15 19 27 29 46 57 58
