0 1 4 5 16 17 24 25 36 37 38 43 48
1 0 4 10 17 25 34 49
2 9
3
4 0 1 5 8 13 14 16 24 25 37
5 0 4 8 9 13 25 34 38
6 7 10 15 26 31 35 41 43 45 47 54 55
7 6 10 11 15 19 21 26 31 35
8 4 5 9 12 13 14 17 21 37 38 41 61
9 2 5 8 25
10 1 6 7 12 14 19 21 22 26 42 62
11 7 15 26 27 42 46 47 59
12 8 10 28 31 40 45
13 4 5 8 14 24 25
14 4 8 10 13 21 23 43 45 61
15 6 7 11 29
16 0 4 17 21 24 25 32 33 36 37 38 42 43 49 50 51 52 53 54 55 61
17 0 1 8 16 18 22 24 32 33 36 38 41 53 54 55
18 17 19 23 35 37 41 42 43 51 54 55
19 7 10 18 22 23 35 42 43
20
21 7 8 10 14 16 32 33 38 41 42 43 48 55 62
22 10 17 19 26 31 32 39 41 42 43 46 55
23 14 18 19 35 41 43
24 0 4 13 16 17 26 28 41 42 43
25 0 1 4 5 9 13 16 38
26 6 7 10 11 22 24 42 58 63
27 11 39 46 47 63
28 12 24 36 62
29 15 30 45 46
30 29 47
31 6 7 12 22 41 47 58
32 16 17 21 22 36 38 40 41 43 48 49 51 52 53 61
33 16 17 21 34 36 37 38 48 49 50 54
34 1 5 33 51
35 6 7 18 19 23 38 39 42 50 54 55 59
36 0 16 17 28 32 33 37 38 40 41 48 52 53 61 62
37 0 4 8 16 18 33 36 38 41 43 53
38 0 5 8 16 17 21 25 32 33 35 36 37 41 49 51 54
39 22 27 35 46 55 58 59 63
40 12 32 36 41 42 43 52 53 56 61 62
41 6 8 17 18 21 22 23 24 31 32 36 37 38 40 42 53 54 57 58 61 62
42 10 11 16 18 19 21 22 24 26 35 40 41 45 52 54 55 56 58
43 0 6 14 16 18 19 21 22 23 24 32 37 40 51 62
44 58 60
45 6 12 14 29 42 47 56 57 58 59 60 62 63
46 11 22 27 29 39 47 59 62 63
47 6 11 27 30 31 45 46 58
48 0 21 32 33 36 49
49 1 16 32 33 38 48 51 52
50 16 33 35 53 55 62
51 16 18 32 34 38 43 49 53 54
52 16 32 36 40 42 49 53 56
53 16 17 32 36 37 40 41 50 51 52 54 56 57 58 62
54 6 16 17 18 33 35 38 41 42 51 53 55 58
55 6 16 17 18 21 22 35 39 42 50 54
56 40 42 45 52 53 57 60 62
57 41 45 53 56 58 60 61 62 63
58 26 31 39 41 42 44 45 47 53 54 57 59 62 63
59 11 35 39 45 46 58 63
60 44 45 56 57
61 8 14 16 32 36 40 41 57 62
62 10 21 28 36 40 41 43 45 46 50 53 56 57 58 61
63 26 27 39 45 46 57 58 59
