0 1 4 5 6 21 22 25 30 32 38 39 42 46 54
1 0 4 5 6 18 21 22 23 25 27 34 38 39 42 46 54 55
2 3
3 2 6 39
4 25 46 0 1 5 12 21 30 38 42 44
5 0 1 4 7 21 22 25 27 30 31 38 42 43 46
6 0 1 3 9 11 22 23 27
7 5 18 23
8 13 24 28 30 41 45 46 47 62
9 6
10 13 14 26 30 31 47
11 6 22 27
12 4 24 25 30
13 8 10 14 26 29 31 45
14 10 13 15 26 31
15 14 26
16 58 20 34 41 42 47 48 56 57 59 62
17 36 37
18 1 7 21 22 23 34 38 42 51 54 55
19
20 16 24 40 41 43 47 56 57 58 62 63
21 0 1 4 5 18 22 23 24 25 30 32 38 42 46 58 59 62
22 0 1 5 6 11 18 21 27 33 38 39
23 1 6 7 18 21 27 42 46 55
24 8 12 20 21 28 41 42 44 57 62
25 4 46 0 1 5 12 21 27 30 42 43 62
26 10 13 14 15 41 43 45 47 58 63
27 1 5 6 11 22 23 25 46
28 8 24 29 41 45 62
29 13 28 40 45 47 63
30 0 4 5 8 10 12 21 25 42 43 46 47 62
31 5 10 13 14 46 47
32 0 21 33 48 54 55
33 22 32 37 38 39 54 55
34 1 16 18 42 43 50 51 55
35 43
36 17 37
37 17 33 36
38 0 1 4 5 18 21 22 33 39 54 55
39 0 1 3 22 33 38 54 55
40 20 29 41 45 56 57 60
41 8 16 20 24 26 28 40 45 47 57 58 62 63
42 0 1 4 5 16 18 21 23 24 25 30 34 43 46 47 54 55 58 59 62
43 5 20 25 26 30 34 35 42 47 58 59 63
44 4 24
45 8 13 26 28 29 40 41 47 60 63
46 4 25 0 1 5 8 21 23 27 30 31 42 62
47 8 10 16 20 26 29 30 31 41 42 43 45 58 59 63
48 16 32 54 57
49 52 53
50 34 51 54 55
51 18 34 50 55
52 49
53 49
54 0 1 18 32 33 38 39 42 48 50 55
55 1 18 23 32 33 34 38 39 42 50 51 54 59
56 16 20 40 57 60 62
57 16 20 24 40 41 48 56 60 62
58 16 20 21 26 41 42 43 47 59 62 63
59 16 21 42 43 47 55 58 62 63
60 40 45 56 57 62
61
62 8 16 20 21 24 25 28 30 41 42 46 56 57 58 59 60
63 20 26 29 41 43 45 47 58 59
