0 4 21
1 2 10 16 18 22 23 25 27 34 38 47 54
2 23 1 10 18 19 22 27 34 38 47
3 18 19 23 27
4 0 21
5 6 9 10 16 22 25 30
6 5 15
7
8 13 29 45
9 30 5 10 12 13 25 27 28 29
10 1 2 5 9 22 25 30
11 14 31
12 9 13 28 29
13 8 9 12 25 29
14 11 31
15 6
16 1 5 17 20 32 33 37 38 52 62
17 16 20 37 38
18 1 2 3 22 23 34 38 47 50 51
19 2 3 23 34 35 39
20 16 17 25 29 37 52 62
21 0 4
22 1 2 5 10 18 23 27 34 38 42 47
23 2 1 3 18 19 22 27 34 38
24 26 41 46 61
25 1 5 9 10 13 20 29 30 37 42 45 62
26 24 31 43 46 63
27 1 2 3 9 22 23 47
28 9 12
29 8 9 12 13 20 25 30 42 45 47
30 9 5 10 25 29
31 11 14 26 47
32 16 48
33 16 34 38 42 49 50 51 54 62
34 1 2 18 19 22 23 33 49 50 51 54
35 19 39 55
36
37 16 17 20 25 38 52 62
38 1 2 16 17 18 22 23 33 37 54
39 19 35 55
40 41 45 56 57 62
41 24 40 57 61 63
42 22 25 29 33 47 62 63
43 26 46 55 58
44 45 62
45 8 25 29 40 44 62
46 24 26 43 61 63
47 1 2 18 22 27 29 31 42
48 32
49 33 34 50 53 54
50 18 33 34 49 51 54
51 18 33 34 50
52 16 20 37 62
53 49 56 57 63
54 1 33 34 38 49 50 62
55 35 39 43 58
56 40 53 57 62
57 40 41 53 56 62 63
58 43 55 61
59
60
61 24 41 46 58
62 16 20 25 33 37 40 42 44 45 52 54 56 57
63 26 41 42 46 53 57
