0
1 2 5 6 7 17 18 21 22 23 34 38 39 42 54 63
2 23 1 5 6 7 17 18 21 22 27 34 39 43 55 63
3 7 18 22 23 27
4 5 12 21 22 25 29 42 45 46 57 63
5 1 2 4 6 10 17 21 22 25 29 39 42 63
6 1 2 5 10 11 21 42
7 1 2 3 11 18 23 31
8 21 25 28 29 45
9 13 24
10 5 6 11 14
11 6 7 10 14 15 23
12 4 29
13 9 24
14 10 11 29 31 46
15 11 31
16 20 21 25 32 33 40 42 49 63
17 1 2 5 18 21 22 23 34 37 38 39 41 42 43 50 54 55 58 59 63
18 1 2 3 7 17 21 22 23 34 35 39 43 55 63
19
20 16 24
21 1 2 4 5 6 8 16 17 18 25 29 37 40 42 54 55 63
22 1 2 3 4 5 17 18 23 27 35 39 42 43 46 54 59 63
23 2 1 3 7 11 17 18 22 39 63
24 9 13 20
25 4 5 8 16 21 40 42 45
26 27 30 59
27 2 3 22 26 31 38 43 59
28 8 44 45
29 4 5 8 12 14 21 41 46
30 26 31
31 7 14 15 27 30 43 46
32 16 33
33 16 32
34 1 2 17 18 35 38 39 42 50 54 55
35 18 22 34 38 39 50 54 55
36 37 38 52 53 56 57 58 60
37 17 21 36 38 41 46 52 53 54 55 57 58 63
38 1 17 27 34 35 36 37 41 43 46 55 58 59
39 1 2 5 17 18 22 23 34 35 55
40 16 21 25 41 42 44 45 52 57
41 17 29 37 38 40 46 53 57 58 63
42 1 4 5 6 16 17 21 22 25 34 40 45 46 54 55 63
43 2 17 18 22 27 31 38 46 59
44 28 40 45 57
45 4 8 25 28 40 42 44
46 4 14 22 29 31 37 38 41 42 43 57
47
48
49 16 50 52 54
50 17 34 35 49 54 55
51
52 36 37 40 49 53 57
53 36 37 41 52 54 57 58
54 1 17 21 22 34 35 37 42 49 50 53 55
55 2 17 18 21 34 35 37 38 39 42 50 54
56 36
57 4 36 37 40 41 44 46 52 53 63
58 17 36 37 38 41 53 59
59 17 22 26 27 38 43 58
60 36
61 62
62 61
63 1 2 4 5 16 17 18 21 22 23 37 41 42 57
