0 1 4 10 17 20 24 27 32 47 54 61 62
1 0 5 10 17 23
2 5
3 7 18 23
4 0 9 13 14 20 24 28 29 30 47
5 1 2 8 9 10 17
6 7 10 18 21 23 25 26 27 43 47
7 3 6 10 23 27
8 5 13
9 4 5 13 14 24 30
10 31 0 1 5 6 7 14 27 30 47
11 15 22
12 24 28 29
13 4 8 9 14
14 4 9 10 13 30 31 47
15 11
16
17 0 1 5
18 3 6 19 26 27 33 34 39 43 50 51 54 55
19 18 23 27 43 55
20 0 4 24 28 29 36 54 57 61 62
21 6 25 26 30 37 43 46 47 62
22 11 38 39 59 63
23 1 3 6 7 19 27 31
24 0 4 9 12 20 28 29 57
25 6 21 26 30 43 45 46 47 62
26 6 18 21 25 30 31 37 43 45 46 47
27 0 6 7 10 18 19 23 30 31 43 47
28 4 12 20 24 29 30 61
29 4 12 20 24 28 30 47
30 4 9 10 14 21 25 26 27 28 29 31 45 47 62
31 10 14 23 26 27 30 47
32 0 33 48 53 54 57 62
33 18 32 34 37 50 53 54 55
34 18 33 37 38 39 50 53 55
35 59
36 20 49 52 57
37 21 26 33 34 41 42 46 53 54 55 59 62
38 59 22 34 39 41 42 63
39 18 22 34 38 42 59
40 58 60 63
41 37 38 42 44 45 62
42 63 37 38 39 41 59
43 6 18 19 21 25 26 27 46 47
44 41 45 61
45 25 26 30 41 44 46 61 62
46 21 25 26 37 43 45
47 0 4 6 10 14 21 25 26 27 29 30 31 43
48 32 53 54 57
49 36
50 18 33 34 51 54 55
51 18 50 55
52 36 57
53 32 33 34 37 48 54 55 61
54 0 18 20 32 33 37 48 50 53 55 57
55 18 19 33 34 37 50 51 53 54
56
57 20 24 32 36 48 52 54 61 62
58 40 59 63
59 38 22 35 37 39 42 58 63
60 40
61 0 20 28 44 45 53 57 62
62 0 20 21 25 30 32 37 41 45 57 61
63 42 22 38 40 58 59
