0 21 25 29 34 36 37
1 2 17 18 21
2 1 18 19 21 34 35
3 6 7 19 23
4 5 6 20 25 26 41 46
5 4 10 22 23 26 27 31 41 43 45 46 62
6 3 4 7 11 22 23 26 27 43 59
7 3 6 11 15 27
8 12 24 29 30
9 12 24 30
10 5 27 31 47
11 6 7 15
12 8 9 24
13 14 28 31 46
14 13 15 26 31
15 7 11 14
16
17 1
18 1 2 19 21 34 35
19 2 3 18 21 34 35
20 4 25 26 36 37 41 46 53 57 59
21 0 1 2 18 19 25 30 34 37 57
22 5 6 23 26 27 38 39 43 59
23 3 5 6 22 27 38 39 43 59
24 8 9 12 30
25 0 4 20 21 26 28 37 57
26 4 5 6 14 20 22 25 27 31 39 43 46
27 5 6 7 10 22 23 26 31 39 43 46
28 13 25
29 0 8 30
30 8 9 21 24 29
31 5 10 13 14 26 27 43 46
32 33 36 37 48 52 57
33 32 34 36 37 52 53 57
34 0 2 18 19 21 33 35
35 2 18 19 34
36 0 20 32 33 37 52 57
37 0 20 21 25 32 33 36 57
38 22 23 39 43 50 54 55 58 59
39 22 23 26 27 38 43 50 59
40 41 44 45 46 60 61 62
41 4 5 20 40 45 46 54 58 59 60 61 62
42 47 63
43 5 6 22 23 26 27 31 38 39 59
44 40 45 60 61
45 5 40 41 44 46 60 61 62
46 4 5 13 20 26 27 31 40 41 45 58 59
47 10 42 63
48 32 52
49 51 53 57 59
50 38 39 51 54 55 59
51 49 50 55 59
52 32 33 36 48 57
53 20 33 49 57
54 38 41 50 55 58 59 62
55 38 50 51 54 58 59
56 61 62
57 20 21 25 32 33 36 37 49 52 53
58 38 41 46 54 55 61 62
59 6 20 22 23 38 39 41 43 46 49 50 51 54 55
60 40 41 44 45 61
61 40 41 44 45 56 58 60 62
62 5 40 41 45 54 56 58 61
63 42 47
