0 32
1 22 4 5 7 17 18 20 21 31 58
2 7 10 19 21 22 23 26 31 39 59
3 7
4 25 1 5 8 9 12 20 28 41
5 1 4 9 17 22 25
6 7 10 11 15 23 26 31 39 42 43
7 1 2 3 6 15 18 22
8 4 9 12 25 28 41 45
9 4 5 8 14 20 25
10 2 6 11 14 15 23 26 30 31 46
11 6 10 15 23 31
12 4 8 25 28 45
13 47
14 9 10
15 6 7 10 11 30 31
16 20 21 22 25 36 37 40 41 45 49 53 54 57 58
17 1 5 18 25
18 1 7 17 22
19 2 23 34 35 39 55 59
20 41 1 4 9 16 21 25 40 45 46 57 58
21 1 2 16 20 22 26 41 45 46 57 58 59
22 1 2 5 7 16 18 21 23 25
23 2 6 10 11 19 22 26 31 34 39 42
24 30 44 60 61 62
25 4 5 8 9 12 16 17 20 22
26 2 6 10 21 23 29 30 31 42 46 58 59
27 47
28 4 8 12 45
29 26 30 42 46
30 10 15 24 26 29 31 46
31 1 2 6 10 11 15 23 26 30 46
32 0
33 38 43 55 62
34 19 23 35 38 39 50 51 55 59
35 19 34 39 51 55 59
36 16 37 42 48 52 53 54 56 57 58 61
37 16 36 42 46 48 50 52 53 54 57 58 59 61
38 33 34 39 42 43 51 55 62
39 2 6 19 23 34 35 38 51 55 59
40 16 20 41 45 46 56 57
41 20 4 8 16 21 40 45 46 57 58
42 6 23 26 29 36 37 38 43 46 59 62
43 6 33 38 42 47 55 59
44 24 60 61
45 8 12 16 20 21 28 40 41
46 10 20 21 26 29 30 31 37 40 41 42 58 59
47 13 27 43
48 36 37 49 52 53 54
49 16 48 50 52 53 54 57 58
50 34 37 49 51 53 54 55 59
51 34 35 38 39 50 55
52 36 37 48 49 53
53 16 36 37 48 49 50 52 54 57 58 59
54 16 36 37 48 49 50 53 57 58 59
55 19 33 34 35 38 39 43 50 51
56 36 40 57 61
57 16 20 21 36 37 40 41 49 53 54 56 58
58 1 16 20 21 26 36 37 41 46 49 53 54 57 59
59 2 19 21 26 34 35 37 39 42 43 46 50 53 54 58
60 24 44
61 24 36 37 44 56
62 24 33 38 42
63
