19
11
4
19
18
7
14
14
11
6
10
18
19
18
7
18
9
6
18
21
16
13
10
10
18
9
5
2
14
4
5
14
17
18
15
9
14
9
9
17
14
7
7
7
5
12
9
12
4
16
20
3
14
14
2
8
10
3
10
2
16
18
9
14
12
13
9
19
17
3
5
5
7
13
15
22
9
7
20
8
15
14
23
10
19
21
7
9
23
18
15
16
13
6
21
15
12
10
8
5
3
20
9
2
8
21
15
15
5
21
9
7
16
10
8
13
5
10
7
23
16
12
10
2
19
7
10
22
19
3
11
5
18
6
22
5
4
7
14
18
6
3
16
7
18
17
6
9
8
13
5
7
22
7
19
3
6
17
11
16
9
19
6
6
18
22
11
6
6
17
15
12
2
3
10
8
20
9
9
3
7
16
24
4
17
15
9
17
9
10
8
15
16
15
12
14
11
7
8
8
20
3
17
23
16
17
19
9
6
21
5
17
5
18
3
15
1
17
12
3
17
3
12
13
19
17
2
19
9
13
22
18
9
8
4
8
21
7
20
4
11
20
12
18
21
7
13
22
17
10
11
9
16
6
14
21
21
19
6
4
20
13
12
18
11
21
16
10
19
11
17
10
18
8
13
6
8
15
7
10
17
9
2
17
19
19
21
11
8
13
6
13
4
15
5
11
11
16
12
4
22
16
10
18
4
14
22
11
9
16
21
10
19
21
15
6
12
4
5
5
21
9
12
8
9
17
8
17
18
19
11
14
12
2
18
22
2
11
7
17
6
22
6
16
8
9
12
12
6
7
16
19
7
6
10
15
13
22
19
16
10
9
18
17
9
18
14
9
18
19
6
8
3
6
16
8
12
13
8
15
21
16
4
5
15
1
8
18
10
14
17
14
10
7
13
14
7
21
6
10
16
13
21
15
19
18
7
16
12
3
3
11
21
17
15
13
24
8
9
18
1
15
21
13
14
9
19
22
15
6
3
9
20
12
7
18
21
6
14
19
21
18
6
23
9
4
12
13
18
6
11
20
17
16
13
11
8
9
8
9
6
19
14
12
13
22
5
19
10
8
5
12
21
5
5
14
17
3
5
2
12
21
13
6
12
12
8
19
16
21
22
3
12
18
4
10
15
13
4
11
