3
70
47
14
61
7
10
12
150
12
17
10
12
9
39
3
10
9
65
70
6
28
9
76
11
16
14
3
9
7
10
66
27
5
11
12
30
30
6
7
8
8
73
57
54
21
71
10
4
15
9
12
10
7
49
21
32
40
31
35
37
10
8
8
51
11
36
4
16
2
45
29
23
13
2
8
78
14
83
6
22
8
128
35
32
20
11
5
4
15
14
28
15
36
13
9
6
37
44
17
19
21
40
8
9
39
16
34
3
56
36
81
18
50
22
12
16
15
11
19
16
42
7
19
25
4
24
2
74
1
36
43
45
18
42
6
19
13
15
11
20
22
24
7
69
85
40
6
2
12
45
6
14
32
30
12
6
33
4
2
107
23
11
28
5
46
2
21
34
6
12
24
13
70
10
2
15
22
10
22
43
15
22
5
6
21
37
5
6
1
27
9
51
12
56
14
22
5
27
14
64
11
25
3
3
12
12
68
8
9
18
47
15
72
33
20
22
131
14
9
11
129
44
36
13
7
64
60
3
46
37
59
11
56
68
53
12
7
25
17
37
39
3
73
35
12
11
5
8
7
6
11
57
36
49
15
9
21
16
56
34
22
126
16
37
122
24
55
85
5
7
10
9
11
10
19
19
12
26
3
50
6
9
38
11
18
2
20
13
92
13
14
45
45
9
4
36
5
38
23
4
23
32
3
13
9
70
15
4
42
21
6
17
66
12
34
4
62
47
9
40
14
26
5
54
18
5
73
12
41
80
7
23
20
66
9
21
8
31
5
45
20
20
13
58
12
9
14
7
63
44
49
6
29
9
41
17
49
3
12
11
6
8
10
31
4
14
104
27
25
10
7
61
6
17
79
9
5
31
10
12
6
22
1
11
29
18
9
27
55
23
33
120
34
12
71
7
10
8
22
48
23
46
5
4
10
74
8
41
2
12
62
22
7
37
4
16
3
3
26
40
22
13
38
64
60
7
56
74
7
10
23
33
19
4
16
70
10
24
16
13
11
4
35
9
4
37
62
29
13
36
6
3
12
40
97
54
54
18
7
21
38
22
5
36
27
7
8
19
61
27
8
14
2
13
31
21
20
25
16
65
20
7
3
84
12
35
12
63
81
36
13
53
36
143
3
21
12
13
1
