18
24
6
21
16
23
25
41
19
23
9
14
21
44
27
18
27
10
12
7
52
2
8
26
17
29
22
40
11
11
36
14
14
12
11
15
35
17
17
14
28
6
10
13
54
33
5
11
41
26
13
46
14
7
40
13
7
11
17
4
5
3
2
34
52
38
21
9
22
15
12
18
26
35
28
40
19
31
8
10
45
31
9
44
11
53
21
7
7
15
44
14
4
8
12
17
7
6
7
16
42
35
49
16
18
37
13
10
2
23
8
19
32
40
35
6
42
45
18
30
20
38
3
11
26
23
29
7
6
4
25
18
6
28
48
10
8
36
11
16
32
36
25
23
34
29
36
11
19
6
16
3
4
7
1
27
26
9
11
9
10
34
27
12
15
2
25
13
8
38
7
17
52
38
42
38
37
9
19
40
10
4
44
27
8
38
22
11
9
30
27
32
9
7
23
43
34
24
7
5
37
33
41
11
9
7
25
7
10
14
22
10
29
26
15
14
14
33
18
10
14
30
37
38
5
2
42
7
8
23
12
15
18
3
19
36
13
37
24
34
31
18
14
32
9
7
40
10
45
13
6
23
18
9
9
40
40
11
10
6
22
48
41
27
14
3
9
15
31
39
21
11
24
8
24
35
34
55
19
5
10
22
14
10
5
14
35
26
26
8
22
10
14
8
11
44
39
19
44
36
10
28
13
5
6
13
10
9
23
7
26
4
10
3
14
18
18
3
10
3
39
10
16
20
6
47
13
17
5
13
22
8
22
27
10
4
18
3
26
31
14
31
8
3
6
24
54
46
13
32
7
28
5
37
5
16
41
25
9
50
11
10
33
7
48
18
16
21
21
13
4
3
16
51
41
22
26
11
13
9
14
17
19
35
5
15
22
26
40
6
19
11
15
4
5
30
7
9
33
15
11
5
13
11
29
13
9
11
11
7
16
27
14
6
12
11
25
10
24
5
17
10
19
8
10
5
48
31
10
4
38
23
13
9
32
39
27
16
5
2
19
11
14
18
39
36
14
4
36
23
19
34
11
8
46
18
36
12
9
3
6
21
13
31
8
55
7
28
23
16
31
12
31
35
5
12
28
9
7
18
21
9
3
43
21
20
7
16
7
14
16
37
32
24
21
6
10
42
26
6
