15
4
33
8
6
7
6
13
22
20
22
29
16
16
12
7
28
4
7
8
9
8
71
12
5
70
16
22
3
26
10
15
43
25
50
17
1
43
3
22
113
25
27
25
28
6
31
11
42
21
11
11
12
11
17
37
92
1
9
8
27
27
47
76
26
50
21
11
30
14
63
8
6
12
46
67
40
13
8
29
29
28
15
12
24
5
14
49
23
17
43
18
3
26
48
15
12
12
6
12
6
39
52
80
18
9
21
13
11
103
48
12
32
2
12
62
24
28
108
31
34
58
12
14
10
55
48
40
12
46
15
25
43
8
9
7
7
9
52
13
49
20
23
21
15
5
29
46
13
8
8
89
3
51
34
38
22
27
11
30
7
14
13
32
34
17
42
80
10
67
5
19
26
6
45
11
14
22
26
87
58
10
10
31
31
28
4
101
6
14
31
17
33
18
14
12
46
9
10
2
42
14
35
43
39
30
45
3
32
38
34
4
107
8
28
14
21
10
44
29
48
46
29
2
5
49
10
26
22
8
70
19
15
66
90
15
9
28
7
5
7
42
30
12
20
22
16
13
3
10
7
8
20
29
7
47
60
60
19
21
2
20
23
11
49
12
14
35
11
15
11
64
35
22
14
9
41
44
17
39
37
10
87
102
7
33
73
5
10
17
14
3
16
4
17
7
41
29
3
20
50
90
10
93
22
14
8
34
22
42
82
33
16
25
14
44
15
3
26
51
14
35
8
48
50
24
13
33
51
18
27
60
57
11
12
4
19
55
14
48
14
8
10
12
18
32
14
4
55
14
24
33
42
37
5
34
46
24
22
22
3
9
84
10
39
25
40
47
18
14
88
37
11
34
2
16
10
14
10
38
42
5
30
14
42
35
8
6
37
15
17
39
13
67
68
10
22
13
19
9
84
4
22
6
30
16
13
27
88
8
7
20
12
89
38
13
31
5
7
10
6
40
64
8
6
49
18
3
60
19
30
17
21
11
3
25
4
49
7
3
58
3
33
26
64
38
10
53
12
14
93
46
9
10
16
35
74
27
47
22
63
18
14
5
38
35
9
2
6
10
7
91
17
42
5
7
61
12
27
48
29
8
8
9
11
40
2
54
45
10
25
9
33
12
13
23
13
5
7
85
