90
93
10
5
5
14
17
34
12
12
28
4
56
41
5
55
12
24
24
57
5
29
24
14
8
36
63
18
29
88
4
32
18
58
13
2
42
9
12
27
57
39
23
62
57
66
44
38
16
25
17
24
15
32
50
6
10
31
34
64
16
11
10
11
88
13
75
5
14
47
4
72
5
13
17
26
64
327
19
15
7
8
2
9
56
23
35
12
10
14
47
18
47
35
40
12
76
67
4
16
5
35
14
19
26
14
96
52
29
22
21
10
20
43
10
19
124
8
43
11
138
21
12
223
32
19
21
7
13
42
33
32
40
14
5
47
31
33
54
4
70
7
45
45
2
7
37
3
31
12
6
3
56
24
41
13
18
8
29
28
7
7
27
2
9
197
6
36
16
41
65
13
24
26
22
8
32
35
33
8
76
39
38
23
62
11
16
19
80
3
5
37
7
6
14
26
7
17
7
24
28
68
38
27
27
21
7
27
10
16
51
21
34
31
35
14
309
26
6
21
20
133
60
27
7
64
17
25
2
13
42
40
31
20
11
26
43
160
12
12
55
8
6
9
80
15
12
281
9
13
35
44
32
19
11
25
10
14
18
10
54
24
9
5
34
6
14
8
15
52
76
14
9
93
11
10
21
8
174
10
17
5
8
15
11
7
63
8
8
4
8
17
91
130
9
28
16
9
5
12
36
6
4
36
7
24
45
13
85
2
114
53
40
70
12
13
40
50
28
28
13
15
51
54
8
16
6
9
8
28
32
20
48
58
104
25
15
8
45
14
97
98
38
7
5
34
47
17
85
8
8
56
3
8
52
5
7
12
6
7
33
4
8
38
5
18
62
9
7
12
17
14
48
30
10
98
40
9
62
4
64
5
252
14
10
10
28
13
19
17
6
170
21
17
29
62
19
47
49
47
20
53
3
3
9
6
8
14
15
28
1
73
16
43
3
48
58
38
32
13
12
41
8
20
6
17
35
19
54
187
141
7
2
3
8
29
26
221
24
10
24
14
8
42
9
29
82
15
5
25
9
10
5
16
6
16
76
12
8
18
66
5
10
27
5
15
48
10
19
17
36
205
7
45
38
12
8
11
20
38
34
42
55
10
66
7
34
7
38
26
4
10
24
86
7
68
11
16
16
82
