0 16 17
1 7 23 25 31 35 38 39 63
2 3 11 21 23 26 38 39 43 55
3 2 23 27 39
4 12 20 24 63
5 6 13 21 22 26 27 30 42 43 46
6 5 11 15 22 23 26 27 43
7 1
8 13 25 26 29 46 61
9 14 25 26 29 31 63
10 15 27 47
11 2 6 27
12 4
13 5 8 29 30
14 9 26 29 30 31
15 6 10
16 0 17
17 0 16
18 35
19 59
20 4 24 25 37 44 63
21 2 5 23 25 26 30 34 36 37 38 39 41 43 54 55 57 58 63
22 5 6 42 43 46 59
23 1 2 3 6 21 26 38 39
24 4 20 25 29 40 44 63
25 1 8 9 20 21 24 26 29 30 36 37 40 41 63
26 2 5 6 8 9 14 21 23 25 30 41 43 63
27 3 5 6 10 11 43
28 45 46
29 8 9 13 14 24 25 30 40 41
30 5 13 14 21 25 26 29
31 1 9 14
32 37 41 48 52 53 54 56 57 58
33 49 53 63
34 21 50 54 55 58
35 1 18
36 21 25 37 38 40 41 52 53 58
37 20 21 25 32 36 38 39 40 41 53 58 63
38 1 2 21 23 36 37 39 41 49 53 58 63
39 1 2 3 21 23 37 38 43 55 58 63
40 24 25 29 36 37 41 44 52 63
41 21 25 26 29 32 36 37 38 40 53 58 60 61
42 5 22 43 46 47 59 61
43 2 5 6 21 22 26 27 39 42 58
44 20 24 40
45 28 46
46 5 8 22 28 42 45 47
47 10 42 46 59
48 32 49 52 53 54
49 33 38 48 53
50 34 54 59
51 59
52 32 36 40 48 53 58
53 32 33 36 37 38 41 48 49 52 58
54 21 32 34 48 50 55 57 58
55 2 21 34 39 54 58
56 32 57 60 61
57 21 32 54 56 58 61
58 21 32 34 36 37 38 39 41 43 52 53 54 55 57
59 19 22 42 47 50 51
60 41 56 61
61 8 41 42 56 57 60
62
63 1 4 9 20 21 24 25 26 33 37 38 39 40
