0 1 17 20 24
1 0 2 11 18 35
2 1 6 21 22 23 26 38
3 7 27 43
4
5 6 9 15 16 21 22 23 25 26 27 29 31 41 46 47
6 2 5 21 22 23 26 31
7 3 27 43 47
8 12 20 24
9 5 13 21 25 26 31 45
10 14 27 30 31 47
11 1
12 8 28
13 9 28
14 10 27 30
15 5 31
16 37 5 21 22 25 33 34 38 41 49 53 57 62
17 0
18 1 19 23 35
19 18 23 35
20 0 8 24 36 52
21 2 5 6 9 16 22 23 25 26 33 37 38 41 43 45 57 62
22 2 5 6 16 21 23 26 27 31 34 37 38 43
23 2 5 6 18 19 21 22 26 27
24 0 8 20
25 5 9 16 21 26 28 45 62
26 2 5 6 9 21 22 23 25 37 62
27 3 5 7 10 14 22 23 30 31 39 43 47
28 12 13 25 45 60
29 5 30 44 46 47
30 10 14 27 29 31 42 46 47
31 5 6 9 10 15 22 27 30 47
32 36
33 16 21 34 37 38 49 50 53 57
34 16 22 33 37 38 49 50
35 1 18 19
36 20 32 52
37 16 21 22 26 33 34 38 41 43 53 57 62
38 2 16 21 22 33 34 37 43 62
39 27 43 47 59
40 56
41 5 16 21 37 45 46 54 56 57 62
42 30 47 54 58 59
43 3 7 21 22 27 37 38 39 46 47
44 29 45 46 56
45 9 21 25 28 41 44 60 62
46 5 29 30 41 43 44 47
47 5 7 10 27 29 30 31 39 42 43 46
48 52 53
49 16 33 34 50 57
50 33 34 49 54
51 55
52 20 36 48 53
53 16 33 37 48 52
54 41 42 50 58 59
55 51 58 59 63
56 40 41 44
57 16 21 33 37 41 49
58 42 54 55 59
59 39 42 54 55 58
60 28 45 62
61 63
62 16 21 25 26 37 38 41 45 60
63 55 61
